Execucao sem podas de outliers com dados normalizados por n-partidas

Execucao com semente 0:
	Inertia da execucao com semente 0:
	43.1303708897

	Contagem da execucao com semente 0:
	[7758, 4723, 5844, 2219]

	Centroides da execucao com semente 0:
	[  3.08357609   5.69257024  10.37930129   2.42988286  40.44951959]
	[   7.13238007    4.68183836    9.73701627   10.19454183  174.4805144 ]
	[   5.0259072     5.31701374   10.25137895    5.74736041  104.93390233]
	[   8.48661749    4.41843914    9.80590763   13.46251655  257.50522538]

	Dados da metrica F: 
		Cluster 1:
			Media: 48.1211317044
			Desvio: 0.0378514738854
			Coef. Variacao: 0.000786587358708
			Minimo: 48.0327871516
			Maximo: 48.2767162103
		Cluster 2:
			Media: 186.285940112
			Desvio: 0.0454856843654
			Coef. Variacao: 0.000244171322527
			Minimo: 186.176121503
			Maximo: 186.375848652
		Cluster 3:
			Media: 114.658920184
			Desvio: 0.0413329420646
			Coef. Variacao: 0.000360486057241
			Minimo: 114.567094256
			Maximo: 114.744447598
		Cluster 4:
			Media: 270.823964893
			Desvio: 0.0786232402782
			Coef. Variacao: 0.000290311237078
			Minimo: 270.337701546
			Maximo: 270.927060346

Execucao com semente 1:
	Inertia da execucao com semente 1:
	43.1303137654

	Contagem da execucao com semente 1:
	[5845, 2219, 7758, 4722]

	Centroides da execucao com semente 1:
	[   5.0267828     5.31674691   10.25034414    5.74806215  104.94535875]
	[   8.48661749    4.41843914    9.80590763   13.46251655  257.50522538]
	[  3.08357865   5.69270323  10.37979472   2.43004526  40.4536803 ]
	[   7.13215139    4.68173588    9.7373482    10.19505099  174.48788817]

	Dados da metrica F: 
		Cluster 1:
			Media: 114.670471191
			Desvio: 0.0413413737631
			Coef. Variacao: 0.000360523274507
			Minimo: 114.578658275
			Maximo: 114.756011617
		Cluster 2:
			Media: 270.823964893
			Desvio: 0.0786232402782
			Coef. Variacao: 0.000290311237078
			Minimo: 270.337701546
			Maximo: 270.927060346
		Cluster 3:
			Media: 48.1256554272
			Desvio: 0.0378514738854
			Coef. Variacao: 0.000786513420947
			Minimo: 48.0373108745
			Maximo: 48.2812399331
		Cluster 4:
			Media: 186.293504599
			Desvio: 0.0454788201014
			Coef. Variacao: 0.000244124561397
			Minimo: 186.183700989
			Maximo: 186.383428138

Execucao com semente 2:
	Inertia da execucao com semente 2:
	43.1302978652

	Contagem da execucao com semente 2:
	[5845, 2219, 7758, 4722]

	Centroides da execucao com semente 2:
	[   5.02678738    5.31656558   10.2498944     5.74786905  104.95091827]
	[   8.48661749    4.41843914    9.80590763   13.46251655  257.50522538]
	[  3.08382567   5.69279118  10.38011635   2.43061821  40.45781104]
	[   7.13215139    4.68173588    9.7373482    10.19505099  174.48788817]

	Dados da metrica F: 
		Cluster 1:
			Media: 114.675766897
			Desvio: 0.0413413737631
			Coef. Variacao: 0.000360506625608
			Minimo: 114.583953981
			Maximo: 114.761307323
		Cluster 2:
			Media: 270.823964893
			Desvio: 0.0786232402782
			Coef. Variacao: 0.000290311237078
			Minimo: 270.337701546
			Maximo: 270.927060346
		Cluster 3:
			Media: 48.1302668799
			Desvio: 0.0378514738854
			Coef. Variacao: 0.000786438063597
			Minimo: 48.0419223271
			Maximo: 48.2858513858
		Cluster 4:
			Media: 186.293504599
			Desvio: 0.0454788201014
			Coef. Variacao: 0.000244124561397
			Minimo: 186.183700989
			Maximo: 186.383428138

Execucao com semente 3:
	Inertia da execucao com semente 3:
	43.1303708897

	Contagem da execucao com semente 3:
	[5844, 2219, 4723, 7758]

	Centroides da execucao com semente 3:
	[   5.0259072     5.31701374   10.25137895    5.74736041  104.93390233]
	[   8.48661749    4.41843914    9.80590763   13.46251655  257.50522538]
	[   7.13238007    4.68183836    9.73701627   10.19454183  174.4805144 ]
	[  3.08357609   5.69257024  10.37930129   2.42988286  40.44951959]

	Dados da metrica F: 
		Cluster 1:
			Media: 114.658920184
			Desvio: 0.0413329420646
			Coef. Variacao: 0.000360486057241
			Minimo: 114.567094256
			Maximo: 114.744447598
		Cluster 2:
			Media: 270.823964893
			Desvio: 0.0786232402782
			Coef. Variacao: 0.000290311237078
			Minimo: 270.337701546
			Maximo: 270.927060346
		Cluster 3:
			Media: 186.285940112
			Desvio: 0.0454856843654
			Coef. Variacao: 0.000244171322527
			Minimo: 186.176121503
			Maximo: 186.375848652
		Cluster 4:
			Media: 48.1211317044
			Desvio: 0.0378514738854
			Coef. Variacao: 0.000786587358708
			Minimo: 48.0327871516
			Maximo: 48.2767162103

Execucao com semente 4:
	Inertia da execucao com semente 4:
	43.1303708897

	Contagem da execucao com semente 4:
	[7758, 4723, 2219, 5844]

	Centroides da execucao com semente 4:
	[  3.08357609   5.69257024  10.37930129   2.42988286  40.44951959]
	[   7.13238007    4.68183836    9.73701627   10.19454183  174.4805144 ]
	[   8.48661749    4.41843914    9.80590763   13.46251655  257.50522538]
	[   5.0259072     5.31701374   10.25137895    5.74736041  104.93390233]

	Dados da metrica F: 
		Cluster 1:
			Media: 48.1211317044
			Desvio: 0.0378514738854
			Coef. Variacao: 0.000786587358708
			Minimo: 48.0327871516
			Maximo: 48.2767162103
		Cluster 2:
			Media: 186.285940112
			Desvio: 0.0454856843654
			Coef. Variacao: 0.000244171322527
			Minimo: 186.176121503
			Maximo: 186.375848652
		Cluster 3:
			Media: 270.823964893
			Desvio: 0.0786232402782
			Coef. Variacao: 0.000290311237078
			Minimo: 270.337701546
			Maximo: 270.927060346
		Cluster 4:
			Media: 114.658920184
			Desvio: 0.0413329420646
			Coef. Variacao: 0.000360486057241
			Minimo: 114.567094256
			Maximo: 114.744447598

Execucao com semente 5:
	Inertia da execucao com semente 5:
	43.1303708897

	Contagem da execucao com semente 5:
	[5844, 2219, 7758, 4723]

	Centroides da execucao com semente 5:
	[   5.0259072     5.31701374   10.25137895    5.74736041  104.93390233]
	[   8.48661749    4.41843914    9.80590763   13.46251655  257.50522538]
	[  3.08357609   5.69257024  10.37930129   2.42988286  40.44951959]
	[   7.13238007    4.68183836    9.73701627   10.19454183  174.4805144 ]

	Dados da metrica F: 
		Cluster 1:
			Media: 114.658920184
			Desvio: 0.0413329420646
			Coef. Variacao: 0.000360486057241
			Minimo: 114.567094256
			Maximo: 114.744447598
		Cluster 2:
			Media: 270.823964893
			Desvio: 0.0786232402782
			Coef. Variacao: 0.000290311237078
			Minimo: 270.337701546
			Maximo: 270.927060346
		Cluster 3:
			Media: 48.1211317044
			Desvio: 0.0378514738854
			Coef. Variacao: 0.000786587358708
			Minimo: 48.0327871516
			Maximo: 48.2767162103
		Cluster 4:
			Media: 186.285940112
			Desvio: 0.0454856843654
			Coef. Variacao: 0.000244171322527
			Minimo: 186.176121503
			Maximo: 186.375848652

Execucao com semente 6:
	Inertia da execucao com semente 6:
	43.1291338352

	Contagem da execucao com semente 6:
	[2209, 7769, 4717, 5849]

	Centroides da execucao com semente 6:
	[   8.48657326    4.41885367    9.80540914   13.45675285  257.58050194]
	[  3.08522696   5.69341738  10.37939941   2.43386346  40.51186187]
	[   7.13848706    4.67991073    9.73492586   10.21866717  174.69948764]
	[   5.03372535    5.31342445   10.25064134    5.7545765   105.16568744]

	Dados da metrica F: 
		Cluster 1:
			Media: 270.897899393
			Desvio: 0.0785896245448
			Coef. Variacao: 0.000290107914166
			Minimo: 270.412020844
			Maximo: 271.001379644
		Cluster 2:
			Media: 48.1842825492
			Desvio: 0.0379066877799
			Coef. Variacao: 0.000786702338906
			Minimo: 48.0960313028
			Maximo: 48.3399603614
		Cluster 3:
			Media: 186.510423735
			Desvio: 0.0454964364551
			Coef. Variacao: 0.00024393508708
			Minimo: 186.401038937
			Maximo: 186.600766086
		Cluster 4:
			Media: 114.901039489
			Desvio: 0.0413828585284
			Coef. Variacao: 0.000360160871587
			Minimo: 114.809549197
			Maximo: 114.98690254

Execucao com semente 7:
	Inertia da execucao com semente 7:
	43.1303708897

	Contagem da execucao com semente 7:
	[4723, 5844, 2219, 7758]

	Centroides da execucao com semente 7:
	[   7.13238007    4.68183836    9.73701627   10.19454183  174.4805144 ]
	[   5.0259072     5.31701374   10.25137895    5.74736041  104.93390233]
	[   8.48661749    4.41843914    9.80590763   13.46251655  257.50522538]
	[  3.08357609   5.69257024  10.37930129   2.42988286  40.44951959]

	Dados da metrica F: 
		Cluster 1:
			Media: 186.285940112
			Desvio: 0.0454856843654
			Coef. Variacao: 0.000244171322527
			Minimo: 186.176121503
			Maximo: 186.375848652
		Cluster 2:
			Media: 114.658920184
			Desvio: 0.0413329420646
			Coef. Variacao: 0.000360486057241
			Minimo: 114.567094256
			Maximo: 114.744447598
		Cluster 3:
			Media: 270.823964893
			Desvio: 0.0786232402782
			Coef. Variacao: 0.000290311237078
			Minimo: 270.337701546
			Maximo: 270.927060346
		Cluster 4:
			Media: 48.1211317044
			Desvio: 0.0378514738854
			Coef. Variacao: 0.000786587358708
			Minimo: 48.0327871516
			Maximo: 48.2767162103

Execucao com semente 8:
	Inertia da execucao com semente 8:
	43.1303708897

	Contagem da execucao com semente 8:
	[5844, 2219, 4723, 7758]

	Centroides da execucao com semente 8:
	[   5.0259072     5.31701374   10.25137895    5.74736041  104.93390233]
	[   8.48661749    4.41843914    9.80590763   13.46251655  257.50522538]
	[   7.13238007    4.68183836    9.73701627   10.19454183  174.4805144 ]
	[  3.08357609   5.69257024  10.37930129   2.42988286  40.44951959]

	Dados da metrica F: 
		Cluster 1:
			Media: 114.658920184
			Desvio: 0.0413329420646
			Coef. Variacao: 0.000360486057241
			Minimo: 114.567094256
			Maximo: 114.744447598
		Cluster 2:
			Media: 270.823964893
			Desvio: 0.0786232402782
			Coef. Variacao: 0.000290311237078
			Minimo: 270.337701546
			Maximo: 270.927060346
		Cluster 3:
			Media: 186.285940112
			Desvio: 0.0454856843654
			Coef. Variacao: 0.000244171322527
			Minimo: 186.176121503
			Maximo: 186.375848652
		Cluster 4:
			Media: 48.1211317044
			Desvio: 0.0378514738854
			Coef. Variacao: 0.000786587358708
			Minimo: 48.0327871516
			Maximo: 48.2767162103

Execucao com semente 9:
	Inertia da execucao com semente 9:
	43.1293890503

	Contagem da execucao com semente 9:
	[5848, 2213, 7769, 4714]

	Centroides da execucao com semente 9:
	[   5.03339164    5.31263399   10.25097106    5.75427249  105.14267882]
	[   8.48661749    4.41843914    9.80590763   13.46251655  257.50522538]
	[  3.08501379   5.6937081   10.37971375   2.43336729  40.50353814]
	[   7.13636566    4.68126012    9.73397682   10.21109033  174.6498673 ]

	Dados da metrica F: 
		Cluster 1:
			Media: 114.8788294
			Desvio: 0.0413760881236
			Coef. Variacao: 0.000360171568076
			Minimo: 114.787327031
			Maximo: 114.964680373
		Cluster 2:
			Media: 270.823735366
			Desvio: 0.0786054095902
			Coef. Variacao: 0.0002902456444
			Minimo: 270.337701546
			Maximo: 270.927060346
		Cluster 3:
			Media: 48.1757692604
			Desvio: 0.0379066877799
			Coef. Variacao: 0.000786841359503
			Minimo: 48.087518014
			Maximo: 48.3314470726
		Cluster 4:
			Media: 186.456473812
			Desvio: 0.0454516760077
			Coef. Variacao: 0.000243765609627
			Minimo: 186.346998773
			Maximo: 186.546725922

Dados da metrica inertia: 
Media: 43.1301359854
Desvio: 0.000441713473681
Coef. Variacao: 1.02414115696e-05
Minimo: 43.1291338352
Maximo: 43.1303708897

==================================================================================
Execucao com podas de outliers com dados normalizados por n-partidas

Foram podados 8055 de 20544 jogadores.

Execucao com semente 0:
	Inertia da execucao com semente 0:
	5.03108548189

	Contagem da execucao com semente 0:
	[2757, 3716, 3395, 2621]

	Centroides da execucao com semente 0:
	[  4.23067484   5.57683017  10.45400812   4.26007096  80.62714068]
	[  2.7358252    5.68901654   9.96930807   1.99534028  25.58752084]
	[  3.31314477   5.69769563  10.79393982   2.69739748  51.29362483]
	[   5.09936673    5.279488     10.0277348     6.03068275  110.3603559 ]

	Dados da metrica F: 
		Cluster 1:
			Media: 89.5514552975
			Desvio: 0.0199158537376
			Coef. Variacao: 0.000222395645849
			Minimo: 89.5000002923
			Maximo: 89.6040248489
		Cluster 2:
			Media: 32.5369419554
			Desvio: 0.0222015192002
			Coef. Variacao: 0.000682348059342
			Minimo: 32.4362725375
			Maximo: 32.6605270688
		Cluster 3:
			Media: 59.5809018866
			Desvio: 0.0184831254914
			Coef. Variacao: 0.000310218961213
			Minimo: 59.5321406689
			Maximo: 59.6297532201
		Cluster 4:
			Media: 119.962014585
			Desvio: 0.019609288695
			Coef. Variacao: 0.000163462482378
			Minimo: 119.928637903
			Maximo: 120.013972146

Execucao com semente 1:
	Inertia da execucao com semente 1:
	5.03083800342

	Contagem da execucao com semente 1:
	[3694, 2630, 2767, 3398]

	Centroides da execucao com semente 1:
	[  2.73526307   5.68877579   9.96838584   1.98912733  25.48361902]
	[   5.09522858    5.28072628   10.03139872    6.02730032  110.29813649]
	[  4.22624101   5.58160207  10.45397397   4.2522597   80.44022351]
	[  3.30618908   5.69485556  10.78864232   2.69016591  51.07675809]

	Dados da metrica F: 
		Cluster 1:
			Media: 32.4319511304
			Desvio: 0.0221679337009
			Coef. Variacao: 0.000683521432668
			Minimo: 32.3311271083
			Maximo: 32.5553816396
		Cluster 2:
			Media: 119.898188526
			Desvio: 0.0196635792397
			Coef. Variacao: 0.000164002304634
			Minimo: 119.864705995
			Maximo: 119.950040238
		Cluster 3:
			Media: 89.3556168109
			Desvio: 0.0199760483586
			Coef. Variacao: 0.00022355671721
			Minimo: 89.3038432523
			Maximo: 89.4082770858
		Cluster 4:
			Media: 59.3549801988
			Desvio: 0.0184874790554
			Coef. Variacao: 0.000311473089428
			Minimo: 59.305860806
			Maximo: 59.4071568496

Execucao com semente 2:
	Inertia da execucao com semente 2:
	5.03098340303

	Contagem da execucao com semente 2:
	[3680, 2775, 2637, 3397]

	Centroides da execucao com semente 2:
	[  2.73427235   5.68659851   9.96873845   1.99053079  25.43154728]
	[  4.21942182   5.58553135  10.45285911   4.23601375  80.29149733]
	[   5.09520314    5.28103237   10.0348311     6.02775771  110.2525897 ]
	[  3.30287759   5.6951056   10.78585325   2.68511691  50.93398221]

	Dados da metrica F: 
		Cluster 1:
			Media: 32.3815169748
			Desvio: 0.0221449031836
			Coef. Variacao: 0.000683874791934
			Minimo: 32.2805945281
			Maximo: 32.5048490593
		Cluster 2:
			Media: 89.1952905555
			Desvio: 0.0200199080261
			Coef. Variacao: 0.000224450280967
			Minimo: 89.1432537334
			Maximo: 89.247687567
		Cluster 3:
			Media: 119.855817511
			Desvio: 0.0196946080362
			Coef. Variacao: 0.000164319166521
			Minimo: 119.822260059
			Maximo: 119.907594302
		Cluster 4:
			Media: 59.2061018891
			Desvio: 0.0184878062947
			Coef. Variacao: 0.000312261839655
			Minimo: 59.1567343228
			Maximo: 59.2580303665

Execucao com semente 3:
	Inertia da execucao com semente 3:
	5.03111563906

	Contagem da execucao com semente 3:
	[3396, 2620, 3716, 2757]

	Centroides da execucao com semente 3:
	[  3.31436321   5.69855745  10.79463708   2.69784325  51.30976457]
	[   5.09936673    5.279488     10.0277348     6.03068275  110.3603559 ]
	[  2.73541179   5.68839537   9.9677748    1.99503821  25.59453283]
	[  4.23081613   5.57652482  10.45557227   4.26157448  80.63773311]

	Dados da metrica F: 
		Cluster 1:
			Media: 59.5980887579
			Desvio: 0.0184845650214
			Coef. Variacao: 0.000310153654365
			Minimo: 59.5493342711
			Maximo: 59.6469468223
		Cluster 2:
			Media: 119.962002649
			Desvio: 0.0196035099751
			Coef. Variacao: 0.000163414327388
			Minimo: 119.928637903
			Maximo: 120.013972146
		Cluster 3:
			Media: 32.5426284353
			Desvio: 0.0222015192002
			Coef. Variacao: 0.000682228826242
			Minimo: 32.4419590174
			Maximo: 32.6662135487
		Cluster 4:
			Media: 89.5640332272
			Desvio: 0.0199111255757
			Coef. Variacao: 0.000222311622849
			Minimo: 89.5126035083
			Maximo: 89.6166280649

Execucao com semente 4:
	Inertia da execucao com semente 4:
	5.03095906396

	Contagem da execucao com semente 4:
	[2627, 3390, 3713, 2759]

	Centroides da execucao com semente 4:
	[   5.09608267    5.28107419   10.02942175    6.03160199  110.31491165]
	[  3.31172432   5.69723832  10.79454172   2.6950833   51.2557626 ]
	[  2.73588804   5.68868266   9.96852929   1.99504952  25.58060507]
	[  4.23019613   5.57749623  10.45421277   4.25281199  80.54684245]

	Dados da metrica F: 
		Cluster 1:
			Media: 119.913460939
			Desvio: 0.0196512884673
			Coef. Variacao: 0.00016387891996
			Minimo: 119.880010357
			Maximo: 119.9653446
		Cluster 2:
			Media: 59.5427763153
			Desvio: 0.0184445911629
			Coef. Variacao: 0.000309770425638
			Minimo: 59.4939171959
			Maximo: 59.5915297471
		Cluster 3:
			Media: 32.5296677115
			Desvio: 0.0221947755582
			Coef. Variacao: 0.00068229333773
			Minimo: 32.4289747011
			Maximo: 32.6532292323
		Cluster 4:
			Media: 89.4703686512
			Desvio: 0.0199250952314
			Coef. Variacao: 0.000222700493266
			Minimo: 89.4187619463
			Maximo: 89.5227865029

Execucao com semente 5:
	Inertia da execucao com semente 5:
	5.03108548189

	Contagem da execucao com semente 5:
	[2621, 3395, 2757, 3716]

	Centroides da execucao com semente 5:
	[   5.09936673    5.279488     10.0277348     6.03068275  110.3603559 ]
	[  3.31314477   5.69769563  10.79393982   2.69739748  51.29362483]
	[  4.23067484   5.57683017  10.45400812   4.26007096  80.62714068]
	[  2.7358252    5.68901654   9.96930807   1.99534028  25.58752084]

	Dados da metrica F: 
		Cluster 1:
			Media: 119.962014585
			Desvio: 0.019609288695
			Coef. Variacao: 0.000163462482378
			Minimo: 119.928637903
			Maximo: 120.013972146
		Cluster 2:
			Media: 59.5809018866
			Desvio: 0.0184831254914
			Coef. Variacao: 0.000310218961213
			Minimo: 59.5321406689
			Maximo: 59.6297532201
		Cluster 3:
			Media: 89.5514552975
			Desvio: 0.0199158537376
			Coef. Variacao: 0.000222395645849
			Minimo: 89.5000002923
			Maximo: 89.6040248489
		Cluster 4:
			Media: 32.5369419554
			Desvio: 0.0222015192002
			Coef. Variacao: 0.000682348059342
			Minimo: 32.4362725375
			Maximo: 32.6605270688

Execucao com semente 6:
	Inertia da execucao com semente 6:
	5.03108548189

	Contagem da execucao com semente 6:
	[3716, 2757, 2621, 3395]

	Centroides da execucao com semente 6:
	[  2.7358252    5.68901654   9.96930807   1.99534028  25.58752084]
	[  4.23067484   5.57683017  10.45400812   4.26007096  80.62714068]
	[   5.09936673    5.279488     10.0277348     6.03068275  110.3603559 ]
	[  3.31314477   5.69769563  10.79393982   2.69739748  51.29362483]

	Dados da metrica F: 
		Cluster 1:
			Media: 32.5369419554
			Desvio: 0.0222015192002
			Coef. Variacao: 0.000682348059342
			Minimo: 32.4362725375
			Maximo: 32.6605270688
		Cluster 2:
			Media: 89.5514552975
			Desvio: 0.0199158537376
			Coef. Variacao: 0.000222395645849
			Minimo: 89.5000002923
			Maximo: 89.6040248489
		Cluster 3:
			Media: 119.962014585
			Desvio: 0.019609288695
			Coef. Variacao: 0.000163462482378
			Minimo: 119.928637903
			Maximo: 120.013972146
		Cluster 4:
			Media: 59.5809018866
			Desvio: 0.0184831254914
			Coef. Variacao: 0.000310218961213
			Minimo: 59.5321406689
			Maximo: 59.6297532201

Execucao com semente 7:
	Inertia da execucao com semente 7:
	5.03108548189

	Contagem da execucao com semente 7:
	[3395, 2757, 3716, 2621]

	Centroides da execucao com semente 7:
	[  3.31314477   5.69769563  10.79393982   2.69739748  51.29362483]
	[  4.23067484   5.57683017  10.45400812   4.26007096  80.62714068]
	[  2.7358252    5.68901654   9.96930807   1.99534028  25.58752084]
	[   5.09936673    5.279488     10.0277348     6.03068275  110.3603559 ]

	Dados da metrica F: 
		Cluster 1:
			Media: 59.5809018866
			Desvio: 0.0184831254914
			Coef. Variacao: 0.000310218961213
			Minimo: 59.5321406689
			Maximo: 59.6297532201
		Cluster 2:
			Media: 89.5514552975
			Desvio: 0.0199158537376
			Coef. Variacao: 0.000222395645849
			Minimo: 89.5000002923
			Maximo: 89.6040248489
		Cluster 3:
			Media: 32.5369419554
			Desvio: 0.0222015192002
			Coef. Variacao: 0.000682348059342
			Minimo: 32.4362725375
			Maximo: 32.6605270688
		Cluster 4:
			Media: 119.962014585
			Desvio: 0.019609288695
			Coef. Variacao: 0.000163462482378
			Minimo: 119.928637903
			Maximo: 120.013972146

Execucao com semente 8:
	Inertia da execucao com semente 8:
	5.03111563906

	Contagem da execucao com semente 8:
	[2620, 3716, 3396, 2757]

	Centroides da execucao com semente 8:
	[   5.09936673    5.279488     10.0277348     6.03068275  110.3603559 ]
	[  2.73541179   5.68839537   9.9677748    1.99503821  25.59453283]
	[  3.31436321   5.69855745  10.79463708   2.69784325  51.30976457]
	[  4.23081613   5.57652482  10.45557227   4.26157448  80.63773311]

	Dados da metrica F: 
		Cluster 1:
			Media: 119.962002649
			Desvio: 0.0196035099751
			Coef. Variacao: 0.000163414327388
			Minimo: 119.928637903
			Maximo: 120.013972146
		Cluster 2:
			Media: 32.5426284353
			Desvio: 0.0222015192002
			Coef. Variacao: 0.000682228826242
			Minimo: 32.4419590174
			Maximo: 32.6662135487
		Cluster 3:
			Media: 59.5980887579
			Desvio: 0.0184845650214
			Coef. Variacao: 0.000310153654365
			Minimo: 59.5493342711
			Maximo: 59.6469468223
		Cluster 4:
			Media: 89.5640332272
			Desvio: 0.0199111255757
			Coef. Variacao: 0.000222311622849
			Minimo: 89.5126035083
			Maximo: 89.6166280649

Execucao com semente 9:
	Inertia da execucao com semente 9:
	5.03095276674

	Contagem da execucao com semente 9:
	[2762, 3704, 3399, 2624]

	Centroides da execucao com semente 9:
	[  4.22930271   5.5787475   10.45148047   4.26009245  80.57392054]
	[  2.73466397   5.68773177   9.96621792   1.99373577  25.5321663 ]
	[  3.3101126    5.69785016  10.79647786   2.69123305  51.1900394 ]
	[   5.09936673    5.279488     10.0277348     6.03068275  110.3603559 ]

	Dados da metrica F: 
		Cluster 1:
			Media: 89.4925406443
			Desvio: 0.019934978781
			Coef. Variacao: 0.000222755758608
			Minimo: 89.4409630452
			Maximo: 89.5449876018
		Cluster 2:
			Media: 32.4787083166
			Desvio: 0.0221807167019
			Coef. Variacao: 0.000682930998538
			Minimo: 32.377951382
			Maximo: 32.6022059132
		Cluster 3:
			Media: 59.4768425803
			Desvio: 0.0184844617675
			Coef. Variacao: 0.00031078418029
			Minimo: 59.4279065846
			Maximo: 59.5255191357
		Cluster 4:
			Media: 119.962047671
			Desvio: 0.0196241571025
			Coef. Variacao: 0.000163586379889
			Minimo: 119.928637903
			Maximo: 120.013972146

Dados da metrica inertia: 
Media: 5.03103064428
Desvio: 8.77540698361e-05
Coef. Variacao: 1.74425631726e-05
Minimo: 5.03083800342
Maximo: 5.03111563906
