Execucao sem podas de outliers com dados normalizados por n-partidas...

Execucao com semente 0:
	Inertia da execucao com semente 0:
	43.1303708897

	Contagem da execucao com semente 0:
	[7758, 4723, 5844, 2219]

	Centroides da execucao com semente 0:
	[  3.08357609   5.69257024  10.37930129   2.42988286  40.44951959]
	[   7.13238007    4.68183836    9.73701627   10.19454183  174.4805144 ]
	[   5.0259072     5.31701374   10.25137895    5.74736041  104.93390233]
	[   8.48661749    4.41843914    9.80590763   13.46251655  257.50522538]

	Dados da metrica F: 
	Media: 18.2628252948
	Desvio: 13.5919633507
	Coef. Variacao: 0.744242094597
	Minimo: 0.00239550715281
	Maximo: 237.620688631

Execucao com semente 1:
	Inertia da execucao com semente 1:
	43.1303137654

	Contagem da execucao com semente 1:
	[5845, 2219, 7758, 4722]

	Centroides da execucao com semente 1:
	[   5.0267828     5.31674691   10.25034414    5.74806215  104.94535875]
	[   8.48661749    4.41843914    9.80590763   13.46251655  257.50522538]
	[  3.08357865   5.69270323  10.37979472   2.43004526  40.4536803 ]
	[   7.13215139    4.68173588    9.7373482    10.19505099  174.48788817]

	Dados da metrica F: 
	Media: 18.263115919
	Desvio: 13.5918920135
	Coef. Variacao: 0.74422634526
	Minimo: 0.00212821569268
	Maximo: 237.620688631

Execucao com semente 2:
	Inertia da execucao com semente 2:
	43.1302978652

	Contagem da execucao com semente 2:
	[5845, 2219, 7758, 4722]

	Centroides da execucao com semente 2:
	[   5.02678738    5.31656558   10.2498944     5.74786905  104.95091827]
	[   8.48661749    4.41843914    9.80590763   13.46251655  257.50522538]
	[  3.08382567   5.69279118  10.38011635   2.43061821  40.45781104]
	[   7.13215139    4.68173588    9.7373482    10.19505099  174.48788817]

	Dados da metrica F: 
	Media: 18.263184416
	Desvio: 13.5917931357
	Coef. Variacao: 0.744218139953
	Minimo: 0.000390461981034
	Maximo: 237.620688631

Execucao com semente 3:
	Inertia da execucao com semente 3:
	43.1303708897

	Contagem da execucao com semente 3:
	[5844, 2219, 4723, 7758]

	Centroides da execucao com semente 3:
	[   5.0259072     5.31701374   10.25137895    5.74736041  104.93390233]
	[   8.48661749    4.41843914    9.80590763   13.46251655  257.50522538]
	[   7.13238007    4.68183836    9.73701627   10.19454183  174.4805144 ]
	[  3.08357609   5.69257024  10.37930129   2.42988286  40.44951959]

	Dados da metrica F: 
	Media: 18.2628252948
	Desvio: 13.5919633507
	Coef. Variacao: 0.744242094597
	Minimo: 0.00239550715281
	Maximo: 237.620688631

Execucao com semente 4:
	Inertia da execucao com semente 4:
	43.1303708897

	Contagem da execucao com semente 4:
	[7758, 4723, 2219, 5844]

	Centroides da execucao com semente 4:
	[  3.08357609   5.69257024  10.37930129   2.42988286  40.44951959]
	[   7.13238007    4.68183836    9.73701627   10.19454183  174.4805144 ]
	[   8.48661749    4.41843914    9.80590763   13.46251655  257.50522538]
	[   5.0259072     5.31701374   10.25137895    5.74736041  104.93390233]

	Dados da metrica F: 
	Media: 18.2628252948
	Desvio: 13.5919633507
	Coef. Variacao: 0.744242094597
	Minimo: 0.00239550715281
	Maximo: 237.620688631

Execucao com semente 5:
	Inertia da execucao com semente 5:
	43.1303708897

	Contagem da execucao com semente 5:
	[5844, 2219, 7758, 4723]

	Centroides da execucao com semente 5:
	[   5.0259072     5.31701374   10.25137895    5.74736041  104.93390233]
	[   8.48661749    4.41843914    9.80590763   13.46251655  257.50522538]
	[  3.08357609   5.69257024  10.37930129   2.42988286  40.44951959]
	[   7.13238007    4.68183836    9.73701627   10.19454183  174.4805144 ]

	Dados da metrica F: 
	Media: 18.2628252948
	Desvio: 13.5919633507
	Coef. Variacao: 0.744242094597
	Minimo: 0.00239550715281
	Maximo: 237.620688631

Execucao com semente 6:
	Inertia da execucao com semente 6:
	43.1291338352

	Contagem da execucao com semente 6:
	[2209, 7769, 4717, 5849]

	Centroides da execucao com semente 6:
	[   8.48657326    4.41885367    9.80540914   13.45675285  257.58050194]
	[  3.08522696   5.69341738  10.37939941   2.43386346  40.51186187]
	[   7.13848706    4.67991073    9.73492586   10.21866717  174.69948764]
	[   5.03372535    5.31342445   10.25064134    5.7545765   105.16568744]

	Dados da metrica F: 
	Media: 18.268002411
	Desvio: 13.5848508666
	Coef. Variacao: 0.743641836747
	Minimo: 0.00166818382903
	Maximo: 237.546369333

Execucao com semente 7:
	Inertia da execucao com semente 7:
	43.1303708897

	Contagem da execucao com semente 7:
	[4723, 5844, 2219, 7758]

	Centroides da execucao com semente 7:
	[   7.13238007    4.68183836    9.73701627   10.19454183  174.4805144 ]
	[   5.0259072     5.31701374   10.25137895    5.74736041  104.93390233]
	[   8.48661749    4.41843914    9.80590763   13.46251655  257.50522538]
	[  3.08357609   5.69257024  10.37930129   2.42988286  40.44951959]

	Dados da metrica F: 
	Media: 18.2628252948
	Desvio: 13.5919633507
	Coef. Variacao: 0.744242094597
	Minimo: 0.00239550715281
	Maximo: 237.620688631

Execucao com semente 8:
	Inertia da execucao com semente 8:
	43.1303708897

	Contagem da execucao com semente 8:
	[5844, 2219, 4723, 7758]

	Centroides da execucao com semente 8:
	[   5.0259072     5.31701374   10.25137895    5.74736041  104.93390233]
	[   8.48661749    4.41843914    9.80590763   13.46251655  257.50522538]
	[   7.13238007    4.68183836    9.73701627   10.19454183  174.4805144 ]
	[  3.08357609   5.69257024  10.37930129   2.42988286  40.44951959]

	Dados da metrica F: 
	Media: 18.2628252948
	Desvio: 13.5919633507
	Coef. Variacao: 0.744242094597
	Minimo: 0.00239550715281
	Maximo: 237.620688631

Execucao com semente 9:
	Inertia da execucao com semente 9:
	43.1293890503

	Contagem da execucao com semente 9:
	[5848, 2213, 7769, 4714]

	Centroides da execucao com semente 9:
	[   5.03339164    5.31263399   10.25097106    5.75427249  105.14267882]
	[   8.48661749    4.41843914    9.80590763   13.46251655  257.50522538]
	[  3.08501379   5.6937081   10.37971375   2.43336729  40.50353814]
	[   7.13636566    4.68126012    9.73397682   10.21109033  174.6498673 ]

	Dados da metrica F: 
	Media: 18.2657141386
	Desvio: 13.5878515139
	Coef. Variacao: 0.743899275483
	Minimo: 0.00130449155228
	Maximo: 237.620688631

Dados da metrica inertia: 
Media: 43.1301359854
Desvio: 0.000441713473681
Coef. Variacao: 1.02414115696e-05
Minimo: 43.1291338352
Maximo: 43.1303708897

==================================================================================
Execucao com podas de outliers com dados normalizados por n-partidas...

Foram podados 8055 de 20544 jogadores.

Execucao com semente 0:
	Inertia da execucao com semente 0:
	5.03108548189

	Contagem da execucao com semente 0:
	[2757, 3716, 3395, 2621]

	Centroides da execucao com semente 0:
	[  3.08357609   5.69257024  10.37930129   2.42988286  40.44951959]
	[   7.13238007    4.68183836    9.73701627   10.19454183  174.4805144 ]
	[   5.0259072     5.31701374   10.25137895    5.74736041  104.93390233]
	[   8.48661749    4.41843914    9.80590763   13.46251655  257.50522538]

	Dados da metrica F: 
	Media: 18.2628252948
	Desvio: 13.5919633507
	Coef. Variacao: 0.744242094597
	Minimo: 0.00239550715281
	Maximo: 237.620688631

Execucao com semente 1:
	Inertia da execucao com semente 1:
	5.03083800342

	Contagem da execucao com semente 1:
	[3694, 2630, 2767, 3398]

	Centroides da execucao com semente 1:
	[   5.0267828     5.31674691   10.25034414    5.74806215  104.94535875]
	[   8.48661749    4.41843914    9.80590763   13.46251655  257.50522538]
	[  3.08357865   5.69270323  10.37979472   2.43004526  40.4536803 ]
	[   7.13215139    4.68173588    9.7373482    10.19505099  174.48788817]

	Dados da metrica F: 
	Media: 18.263115919
	Desvio: 13.5918920135
	Coef. Variacao: 0.74422634526
	Minimo: 0.00212821569268
	Maximo: 237.620688631

Execucao com semente 2:
	Inertia da execucao com semente 2:
	5.03098340303

	Contagem da execucao com semente 2:
	[3680, 2775, 2637, 3397]

	Centroides da execucao com semente 2:
	[   5.02678738    5.31656558   10.2498944     5.74786905  104.95091827]
	[   8.48661749    4.41843914    9.80590763   13.46251655  257.50522538]
	[  3.08382567   5.69279118  10.38011635   2.43061821  40.45781104]
	[   7.13215139    4.68173588    9.7373482    10.19505099  174.48788817]

	Dados da metrica F: 
	Media: 18.263184416
	Desvio: 13.5917931357
	Coef. Variacao: 0.744218139953
	Minimo: 0.000390461981034
	Maximo: 237.620688631

Execucao com semente 3:
	Inertia da execucao com semente 3:
	5.03111563906

	Contagem da execucao com semente 3:
	[3396, 2620, 3716, 2757]

	Centroides da execucao com semente 3:
	[   5.0259072     5.31701374   10.25137895    5.74736041  104.93390233]
	[   8.48661749    4.41843914    9.80590763   13.46251655  257.50522538]
	[   7.13238007    4.68183836    9.73701627   10.19454183  174.4805144 ]
	[  3.08357609   5.69257024  10.37930129   2.42988286  40.44951959]

	Dados da metrica F: 
	Media: 18.2628252948
	Desvio: 13.5919633507
	Coef. Variacao: 0.744242094597
	Minimo: 0.00239550715281
	Maximo: 237.620688631

Execucao com semente 4:
	Inertia da execucao com semente 4:
	5.03095906396

	Contagem da execucao com semente 4:
	[2627, 3390, 3713, 2759]

	Centroides da execucao com semente 4:
	[  3.08357609   5.69257024  10.37930129   2.42988286  40.44951959]
	[   7.13238007    4.68183836    9.73701627   10.19454183  174.4805144 ]
	[   8.48661749    4.41843914    9.80590763   13.46251655  257.50522538]
	[   5.0259072     5.31701374   10.25137895    5.74736041  104.93390233]

	Dados da metrica F: 
	Media: 18.2628252948
	Desvio: 13.5919633507
	Coef. Variacao: 0.744242094597
	Minimo: 0.00239550715281
	Maximo: 237.620688631

Execucao com semente 5:
	Inertia da execucao com semente 5:
	5.03108548189

	Contagem da execucao com semente 5:
	[2621, 3395, 2757, 3716]

	Centroides da execucao com semente 5:
	[   5.0259072     5.31701374   10.25137895    5.74736041  104.93390233]
	[   8.48661749    4.41843914    9.80590763   13.46251655  257.50522538]
	[  3.08357609   5.69257024  10.37930129   2.42988286  40.44951959]
	[   7.13238007    4.68183836    9.73701627   10.19454183  174.4805144 ]

	Dados da metrica F: 
	Media: 18.2628252948
	Desvio: 13.5919633507
	Coef. Variacao: 0.744242094597
	Minimo: 0.00239550715281
	Maximo: 237.620688631

Execucao com semente 6:
	Inertia da execucao com semente 6:
	5.03108548189

	Contagem da execucao com semente 6:
	[3716, 2757, 2621, 3395]

	Centroides da execucao com semente 6:
	[   8.48657326    4.41885367    9.80540914   13.45675285  257.58050194]
	[  3.08522696   5.69341738  10.37939941   2.43386346  40.51186187]
	[   7.13848706    4.67991073    9.73492586   10.21866717  174.69948764]
	[   5.03372535    5.31342445   10.25064134    5.7545765   105.16568744]

	Dados da metrica F: 
	Media: 18.268002411
	Desvio: 13.5848508666
	Coef. Variacao: 0.743641836747
	Minimo: 0.00166818382903
	Maximo: 237.546369333

Execucao com semente 7:
	Inertia da execucao com semente 7:
	5.03108548189

	Contagem da execucao com semente 7:
	[3395, 2757, 3716, 2621]

	Centroides da execucao com semente 7:
	[   7.13238007    4.68183836    9.73701627   10.19454183  174.4805144 ]
	[   5.0259072     5.31701374   10.25137895    5.74736041  104.93390233]
	[   8.48661749    4.41843914    9.80590763   13.46251655  257.50522538]
	[  3.08357609   5.69257024  10.37930129   2.42988286  40.44951959]

	Dados da metrica F: 
	Media: 18.2628252948
	Desvio: 13.5919633507
	Coef. Variacao: 0.744242094597
	Minimo: 0.00239550715281
	Maximo: 237.620688631

Execucao com semente 8:
	Inertia da execucao com semente 8:
	5.03111563906

	Contagem da execucao com semente 8:
	[2620, 3716, 3396, 2757]

	Centroides da execucao com semente 8:
	[   5.0259072     5.31701374   10.25137895    5.74736041  104.93390233]
	[   8.48661749    4.41843914    9.80590763   13.46251655  257.50522538]
	[   7.13238007    4.68183836    9.73701627   10.19454183  174.4805144 ]
	[  3.08357609   5.69257024  10.37930129   2.42988286  40.44951959]

	Dados da metrica F: 
	Media: 18.2628252948
	Desvio: 13.5919633507
	Coef. Variacao: 0.744242094597
	Minimo: 0.00239550715281
	Maximo: 237.620688631

Execucao com semente 9:
	Inertia da execucao com semente 9:
	5.03095276674

	Contagem da execucao com semente 9:
	[2762, 3704, 3399, 2624]

	Centroides da execucao com semente 9:
	[   5.03339164    5.31263399   10.25097106    5.75427249  105.14267882]
	[   8.48661749    4.41843914    9.80590763   13.46251655  257.50522538]
	[  3.08501379   5.6937081   10.37971375   2.43336729  40.50353814]
	[   7.13636566    4.68126012    9.73397682   10.21109033  174.6498673 ]

	Dados da metrica F: 
	Media: 18.2657141386
	Desvio: 13.5878515139
	Coef. Variacao: 0.743899275483
	Minimo: 0.00130449155228
	Maximo: 237.620688631

Dados da metrica inertia: 
Media: 5.03103064428
Desvio: 8.77540698361e-05
Coef. Variacao: 1.74425631726e-05
Minimo: 5.03083800342
Maximo: 5.03111563906
