Execucao sem podas de outliers com dados normalizados por n-partidas

Execucao com semente 0:
	Inertia da execucao com semente 0:
	29.90142957

	Contagem da execucao com semente 0:
	[4285, 6665, 1308, 4907, 3379]

	Centroides da execucao com semente 0:
	[   6.21038087    4.97568621    9.93661174    8.06800132  141.88516086]
	[  2.9662637    5.69912465  10.35630519   2.2575988   36.08594244]
	[   8.72179075    4.42383787    9.88510264   14.02839845  278.68261375]
	[  4.46359041   5.48035485  10.41092074   4.69338924  87.40505996]
	[   7.73137148    4.48849909    9.63536061   11.68230221  201.46855118]

	Dados da metrica F: 
		Cluster 1:
			Media: 152.743136233
			Desvio: 0.035442277528
			Coef. Variacao: 0.000232038430021
			Minimo: 152.662333568
			Maximo: 152.821133022
		Cluster 2:
			Media: 43.6199165396
			Desvio: 0.0323342339361
			Coef. Variacao: 0.000741272255914
			Minimo: 43.5395367407
			Maximo: 43.7662761677
		Cluster 3:
			Media: 292.26635343
			Desvio: 0.07479796166
			Coef. Variacao: 0.000255923956974
			Minimo: 291.824059438
			Maximo: 292.367033517
		Cluster 4:
			Media: 96.6010394847
			Desvio: 0.0334378402704
			Coef. Variacao: 0.000346143690055
			Minimo: 96.5209079466
			Maximo: 96.6739775237
		Cluster 5:
			Media: 213.908095919
			Desvio: 0.0408204542306
			Coef. Variacao: 0.000190831740403
			Minimo: 213.808243939
			Maximo: 213.987848304

Execucao com semente 1:
	Inertia da execucao com semente 1:
	29.901516596

	Contagem da execucao com semente 1:
	[6664, 3379, 1308, 4286, 4907]

	Centroides da execucao com semente 1:
	[  2.96614604   5.69900442  10.35608344   2.25724964  36.08210206]
	[   7.73150015    4.4896356     9.63492647   11.68146007  201.45974187]
	[   8.72179075    4.42383787    9.88510264   14.02839845  278.68261375]
	[   6.20965779    4.97522455    9.93687985    8.06985707  141.86529995]
	[  4.46296585   5.48048758  10.41153071   4.69021181  87.38888612]

	Dados da metrica F: 
		Cluster 1:
			Media: 43.6158646317
			Desvio: 0.0323306522804
			Coef. Variacao: 0.000741259001819
			Minimo: 43.5354771981
			Maximo: 43.7622166251
		Cluster 2:
			Media: 213.897844628
			Desvio: 0.0408204542306
			Coef. Variacao: 0.000190840886226
			Minimo: 213.797992647
			Maximo: 213.977597013
		Cluster 3:
			Media: 292.26635343
			Desvio: 0.07479796166
			Coef. Variacao: 0.000255923956974
			Minimo: 291.824059438
			Maximo: 292.367033517
		Cluster 4:
			Media: 152.723296152
			Desvio: 0.0354502278026
			Coef. Variacao: 0.000232120630551
			Minimo: 152.642479347
			Maximo: 152.801278801
		Cluster 5:
			Media: 96.5847412165
			Desvio: 0.0334389547013
			Coef. Variacao: 0.000346213638719
			Minimo: 96.5045867763
			Maximo: 96.6576563534

Execucao com semente 2:
	Inertia da execucao com semente 2:
	29.901324269

	Contagem da execucao com semente 2:
	[6666, 1308, 4907, 4284, 3379]

	Centroides da execucao com semente 2:
	[  2.96600757   5.69909129  10.35664118   2.25790546  36.09751416]
	[   8.72179075    4.42383787    9.88510264   14.02839845  278.68261375]
	[  4.46492506   5.47844353  10.40751823   4.69744099  87.43721326]
	[   6.21268851    4.97624437    9.93921929    8.06664895  141.9253016 ]
	[   7.7312422     4.48955639    9.63568866   11.68589915  201.49495754]

	Dados da metrica F: 
		Cluster 1:
			Media: 43.6315939823
			Desvio: 0.0323376127883
			Coef. Variacao: 0.000741151304292
			Minimo: 43.5512216879
			Maximo: 43.777961115
		Cluster 2:
			Media: 292.26635343
			Desvio: 0.07479796166
			Coef. Variacao: 0.000255923956974
			Minimo: 291.824059438
			Maximo: 292.367033517
		Cluster 3:
			Media: 96.6330104458
			Desvio: 0.0334413666452
			Coef. Variacao: 0.000346065661113
			Minimo: 96.5529046943
			Maximo: 96.7059742714
		Cluster 4:
			Media: 152.787622953
			Desvio: 0.0354390444125
			Coef. Variacao: 0.000231949707231
			Minimo: 152.70683133
			Maximo: 152.865630784
		Cluster 5:
			Media: 213.933643734
			Desvio: 0.0408204542306
			Coef. Variacao: 0.000190808951402
			Minimo: 213.833791753
			Maximo: 214.013396119

Execucao com semente 3:
	Inertia da execucao com semente 3:
	29.9014722982

	Contagem da execucao com semente 3:
	[4908, 1308, 4285, 6664, 3379]

	Centroides da execucao com semente 3:
	[  4.46296585   5.48048758  10.41153071   4.69021181  87.38888612]
	[   8.72179075    4.42383787    9.88510264   14.02839845  278.68261375]
	[   6.21121117    4.97548862    9.93626825    8.06949428  141.87921279]
	[  2.96614604   5.69900442  10.35608344   2.25724964  36.08210206]
	[   7.73042936    4.48901328    9.63552388   11.68405681  201.47734105]

	Dados da metrica F: 
		Cluster 1:
			Media: 96.584730097
			Desvio: 0.0334446197043
			Coef. Variacao: 0.000346272331772
			Minimo: 96.5045867763
			Maximo: 96.6576563534
		Cluster 2:
			Media: 292.26635343
			Desvio: 0.07479796166
			Coef. Variacao: 0.000255923956974
			Minimo: 291.824059438
			Maximo: 292.367033517
		Cluster 3:
			Media: 152.737872558
			Desvio: 0.035442277528
			Coef. Variacao: 0.000232046426564
			Minimo: 152.657069893
			Maximo: 152.815869347
		Cluster 4:
			Media: 43.6158646317
			Desvio: 0.0323306522804
			Coef. Variacao: 0.000741259001819
			Minimo: 43.5354771981
			Maximo: 43.7622166251
		Cluster 5:
			Media: 213.91559275
			Desvio: 0.0408204542306
			Coef. Variacao: 0.000190825052563
			Minimo: 213.815740769
			Maximo: 213.995345135

Execucao com semente 4:
	Inertia da execucao com semente 4:
	29.9013504334

	Contagem da execucao com semente 4:
	[4900, 3379, 1308, 6673, 4284]

	Centroides da execucao com semente 4:
	[  4.46735992   5.4784808   10.40949287   4.70051135  87.49573535]
	[   7.73161068    4.49002031    9.63355912   11.68352689  201.43690148]
	[   8.71999358    4.42294543    9.8882497    14.01948105  278.62366537]
	[  2.96699898   5.69876038  10.35520011   2.25922858  36.12830955]
	[   6.21075888    4.97634543    9.93985837    8.06811865  141.91660578]

	Dados da metrica F: 
		Cluster 1:
			Media: 96.6958247278
			Desvio: 0.0333965691545
			Coef. Variacao: 0.00034537757187
			Minimo: 96.6157990266
			Maximo: 96.7688686037
		Cluster 2:
			Media: 213.873362711
			Desvio: 0.0408204542306
			Coef. Variacao: 0.000190862731633
			Minimo: 213.77351073
			Maximo: 213.953115096
		Cluster 3:
			Media: 292.209647392
			Desvio: 0.07479796166
			Coef. Variacao: 0.000255973621431
			Minimo: 291.7673534
			Maximo: 292.310327479
		Cluster 4:
			Media: 43.6622153574
			Desvio: 0.0323667525199
			Coef. Variacao: 0.000741298906961
			Minimo: 43.5818983347
			Maximo: 43.8086377617
		Cluster 5:
			Media: 152.777535524
			Desvio: 0.0354390444125
			Coef. Variacao: 0.000231965022154
			Minimo: 152.6967439
			Maximo: 152.855543355

Execucao com semente 5:
	Inertia da execucao com semente 5:
	29.901516596

	Contagem da execucao com semente 5:
	[1308, 4286, 4907, 3379, 6664]

	Centroides da execucao com semente 5:
	[   8.72179075    4.42383787    9.88510264   14.02839845  278.68261375]
	[   6.20965779    4.97522455    9.93687985    8.06985707  141.86529995]
	[  4.46296585   5.48048758  10.41153071   4.69021181  87.38888612]
	[   7.73150015    4.4896356     9.63492647   11.68146007  201.45974187]
	[  2.96614604   5.69900442  10.35608344   2.25724964  36.08210206]

	Dados da metrica F: 
		Cluster 1:
			Media: 292.26635343
			Desvio: 0.07479796166
			Coef. Variacao: 0.000255923956974
			Minimo: 291.824059438
			Maximo: 292.367033517
		Cluster 2:
			Media: 152.723296152
			Desvio: 0.0354502278026
			Coef. Variacao: 0.000232120630551
			Minimo: 152.642479347
			Maximo: 152.801278801
		Cluster 3:
			Media: 96.5847412165
			Desvio: 0.0334389547013
			Coef. Variacao: 0.000346213638719
			Minimo: 96.5045867763
			Maximo: 96.6576563534
		Cluster 4:
			Media: 213.897844628
			Desvio: 0.0408204542306
			Coef. Variacao: 0.000190840886226
			Minimo: 213.797992647
			Maximo: 213.977597013
		Cluster 5:
			Media: 43.6158646317
			Desvio: 0.0323306522804
			Coef. Variacao: 0.000741259001819
			Minimo: 43.5354771981
			Maximo: 43.7622166251

Execucao com semente 6:
	Inertia da execucao com semente 6:
	29.901516596

	Contagem da execucao com semente 6:
	[6664, 1308, 4286, 3379, 4907]

	Centroides da execucao com semente 6:
	[  2.96614604   5.69900442  10.35608344   2.25724964  36.08210206]
	[   8.72179075    4.42383787    9.88510264   14.02839845  278.68261375]
	[   6.20965779    4.97522455    9.93687985    8.06985707  141.86529995]
	[   7.73150015    4.4896356     9.63492647   11.68146007  201.45974187]
	[  4.46296585   5.48048758  10.41153071   4.69021181  87.38888612]

	Dados da metrica F: 
		Cluster 1:
			Media: 43.6158646317
			Desvio: 0.0323306522804
			Coef. Variacao: 0.000741259001819
			Minimo: 43.5354771981
			Maximo: 43.7622166251
		Cluster 2:
			Media: 292.26635343
			Desvio: 0.07479796166
			Coef. Variacao: 0.000255923956974
			Minimo: 291.824059438
			Maximo: 292.367033517
		Cluster 3:
			Media: 152.723296152
			Desvio: 0.0354502278026
			Coef. Variacao: 0.000232120630551
			Minimo: 152.642479347
			Maximo: 152.801278801
		Cluster 4:
			Media: 213.897844628
			Desvio: 0.0408204542306
			Coef. Variacao: 0.000190840886226
			Minimo: 213.797992647
			Maximo: 213.977597013
		Cluster 5:
			Media: 96.5847412165
			Desvio: 0.0334389547013
			Coef. Variacao: 0.000346213638719
			Minimo: 96.5045867763
			Maximo: 96.6576563534

Execucao com semente 7:
	Inertia da execucao com semente 7:
	29.901516596

	Contagem da execucao com semente 7:
	[4286, 1308, 4907, 6664, 3379]

	Centroides da execucao com semente 7:
	[   6.20965779    4.97522455    9.93687985    8.06985707  141.86529995]
	[   8.72179075    4.42383787    9.88510264   14.02839845  278.68261375]
	[  4.46296585   5.48048758  10.41153071   4.69021181  87.38888612]
	[  2.96614604   5.69900442  10.35608344   2.25724964  36.08210206]
	[   7.73150015    4.4896356     9.63492647   11.68146007  201.45974187]

	Dados da metrica F: 
		Cluster 1:
			Media: 152.723296152
			Desvio: 0.0354502278026
			Coef. Variacao: 0.000232120630551
			Minimo: 152.642479347
			Maximo: 152.801278801
		Cluster 2:
			Media: 292.26635343
			Desvio: 0.07479796166
			Coef. Variacao: 0.000255923956974
			Minimo: 291.824059438
			Maximo: 292.367033517
		Cluster 3:
			Media: 96.5847412165
			Desvio: 0.0334389547013
			Coef. Variacao: 0.000346213638719
			Minimo: 96.5045867763
			Maximo: 96.6576563534
		Cluster 4:
			Media: 43.6158646317
			Desvio: 0.0323306522804
			Coef. Variacao: 0.000741259001819
			Minimo: 43.5354771981
			Maximo: 43.7622166251
		Cluster 5:
			Media: 213.897844628
			Desvio: 0.0408204542306
			Coef. Variacao: 0.000190840886226
			Minimo: 213.797992647
			Maximo: 213.977597013

Execucao com semente 8:
	Inertia da execucao com semente 8:
	29.9015423398

	Contagem da execucao com semente 8:
	[4906, 6664, 1308, 3379, 4287]

	Centroides da execucao com semente 8:
	[  4.46306027   5.48045811  10.41144893   4.69032709  87.38330564]
	[  2.96614604   5.69900442  10.35608344   2.25724964  36.08210206]
	[   8.72179075    4.42383787    9.88510264   14.02839845  278.68261375]
	[   7.73150015    4.4896356     9.63492647   11.68146007  201.45974187]
	[   6.20914259    4.97537604    9.93708401    8.06893731  141.8589779 ]

	Dados da metrica F: 
		Cluster 1:
			Media: 96.579214601
			Desvio: 0.0334322324528
			Coef. Variacao: 0.000346163846858
			Minimo: 96.4990484111
			Maximo: 96.6521179882
		Cluster 2:
			Media: 43.6158646317
			Desvio: 0.0323306522804
			Coef. Variacao: 0.000741259001819
			Minimo: 43.5354771981
			Maximo: 43.7622166251
		Cluster 3:
			Media: 292.26635343
			Desvio: 0.07479796166
			Coef. Variacao: 0.000255923956974
			Minimo: 291.824059438
			Maximo: 292.367033517
		Cluster 4:
			Media: 213.897844628
			Desvio: 0.0408204542306
			Coef. Variacao: 0.000190840886226
			Minimo: 213.797992647
			Maximo: 213.977597013
		Cluster 5:
			Media: 152.716524977
			Desvio: 0.0354569747196
			Coef. Variacao: 0.000232175101711
			Minimo: 152.635694756
			Maximo: 152.79449421

Execucao com semente 9:
	Inertia da execucao com semente 9:
	29.901516596

	Contagem da execucao com semente 9:
	[6664, 4286, 1308, 3379, 4907]

	Centroides da execucao com semente 9:
	[  2.96614604   5.69900442  10.35608344   2.25724964  36.08210206]
	[   6.20965779    4.97522455    9.93687985    8.06985707  141.86529995]
	[   8.72179075    4.42383787    9.88510264   14.02839845  278.68261375]
	[   7.73150015    4.4896356     9.63492647   11.68146007  201.45974187]
	[  4.46296585   5.48048758  10.41153071   4.69021181  87.38888612]

	Dados da metrica F: 
		Cluster 1:
			Media: 43.6158646317
			Desvio: 0.0323306522804
			Coef. Variacao: 0.000741259001819
			Minimo: 43.5354771981
			Maximo: 43.7622166251
		Cluster 2:
			Media: 152.723296152
			Desvio: 0.0354502278026
			Coef. Variacao: 0.000232120630551
			Minimo: 152.642479347
			Maximo: 152.801278801
		Cluster 3:
			Media: 292.26635343
			Desvio: 0.07479796166
			Coef. Variacao: 0.000255923956974
			Minimo: 291.824059438
			Maximo: 292.367033517
		Cluster 4:
			Media: 213.897844628
			Desvio: 0.0408204542306
			Coef. Variacao: 0.000190840886226
			Minimo: 213.797992647
			Maximo: 213.977597013
		Cluster 5:
			Media: 96.5847412165
			Desvio: 0.0334389547013
			Coef. Variacao: 0.000346213638719
			Minimo: 96.5045867763
			Maximo: 96.6576563534

Dados da metrica inertia: 
Media: 29.901470189
Desvio: 7.29809570866e-05
Coef. Variacao: 2.44071467474e-06
Minimo: 29.901324269
Maximo: 29.9015423398

==================================================================================
Execucao com podas de outliers com dados normalizados por n-partidas

Foram podados 8055 de 20544 jogadores.

Execucao com semente 0:
	Inertia da execucao com semente 0:
	3.71258045585

	Contagem da execucao com semente 0:
	[3039, 2783, 2263, 2393, 2011]

	Centroides da execucao com semente 0:
	[  3.05683552   5.70439702  10.86082327   2.37537236  42.72919336]
	[  2.70048068   5.69075261   9.66699713   1.91389309  22.31170567]
	[  4.53225601   5.48283714  10.44541951   4.82022893  89.79249405]
	[  3.74550372   5.67415649  10.57263241   3.41087946  65.37428457]
	[   5.17909503    5.24085066    9.92144111    6.21583414  113.90449566]

	Dados da metrica F: 
		Cluster 1:
			Media: 50.8382665904
			Desvio: 0.0153523021989
			Coef. Variacao: 0.000301983195505
			Minimo: 50.7840649596
			Maximo: 50.8814046595
		Cluster 2:
			Media: 28.9291382112
			Desvio: 0.0203589086478
			Coef. Variacao: 0.000703750955149
			Minimo: 28.8210658318
			Maximo: 29.045320363
		Cluster 3:
			Media: 99.0841523528
			Desvio: 0.0167318631153
			Coef. Variacao: 0.000168865178921
			Minimo: 99.032216471
			Maximo: 99.1326257479
		Cluster 4:
			Media: 73.8668592797
			Desvio: 0.0162126922268
			Coef. Variacao: 0.000219485333273
			Minimo: 73.8203495757
			Maximo: 73.910624376
		Cluster 5:
			Media: 123.510912004
			Desvio: 0.0156899780248
			Coef. Variacao: 0.000127033132298
			Minimo: 123.484849619
			Maximo: 123.555449892

Execucao com semente 1:
	Inertia da execucao com semente 1:
	3.71255178444

	Contagem da execucao com semente 1:
	[3037, 2264, 2395, 2782, 2011]

	Centroides da execucao com semente 1:
	[  3.05745333   5.70322971  10.86112999   2.37532294  42.70420684]
	[  4.53225601   5.48283714  10.44541951   4.82022893  89.79249405]
	[  3.74289646   5.67528666  10.57051471   3.40856289  65.35546831]
	[  2.70067295   5.69108454   9.66760945   1.91395234  22.30061002]
	[   5.17909503    5.24085066    9.92144111    6.21583414  113.90449566]

	Dados da metrica F: 
		Cluster 1:
			Media: 50.815409372
			Desvio: 0.0153349917988
			Coef. Variacao: 0.000301778377628
			Minimo: 50.7611702728
			Maximo: 50.8585099726
		Cluster 2:
			Media: 99.0841627058
			Desvio: 0.0167354160073
			Coef. Variacao: 0.000168901018592
			Minimo: 99.032216471
			Maximo: 99.1326257479
		Cluster 3:
			Media: 73.8422227063
			Desvio: 0.016212676881
			Coef. Variacao: 0.000219558354107
			Minimo: 73.7956781853
			Maximo: 73.8859529855
		Cluster 4:
			Media: 28.9185215896
			Desvio: 0.0203598001739
			Coef. Variacao: 0.00070404014641
			Minimo: 28.8104428469
			Maximo: 29.0346973781
		Cluster 5:
			Media: 123.510912004
			Desvio: 0.0156899780248
			Coef. Variacao: 0.000127033132298
			Minimo: 123.484849619
			Maximo: 123.555449892

Execucao com semente 2:
	Inertia da execucao com semente 2:
	3.71253188512

	Contagem da execucao com semente 2:
	[2777, 2264, 2396, 2011, 3041]

	Centroides da execucao com semente 2:
	[  2.70046895   5.6911683    9.6571137    1.91585961  22.26802107]
	[  4.53236659   5.4831808   10.44570287   4.8205964   89.79784765]
	[  3.74292305   5.67761962  10.57122353   3.4050578   65.33195743]
	[   5.17929229    5.24034319    9.92086125    6.21611457  113.91046155]
	[  3.05543694   5.70132562  10.86709057   2.37328235  42.65488092]

	Dados da metrica F: 
		Cluster 1:
			Media: 28.8751965389
			Desvio: 0.0203447281707
			Coef. Variacao: 0.00070457453487
			Minimo: 28.7670703778
			Maximo: 28.9913249091
		Cluster 2:
			Media: 99.0895665957
			Desvio: 0.0167354160073
			Coef. Variacao: 0.000168891807506
			Minimo: 99.0376203609
			Maximo: 99.1380296378
		Cluster 3:
			Media: 73.8171282603
			Desvio: 0.0162237274066
			Coef. Variacao: 0.000219782695276
			Minimo: 73.7705697582
			Maximo: 73.8608445585
		Cluster 4:
			Media: 123.517002771
			Desvio: 0.0156899780248
			Coef. Variacao: 0.000127026868146
			Minimo: 123.490940386
			Maximo: 123.561540659
		Cluster 5:
			Media: 50.7719667167
			Desvio: 0.0153444884855
			Coef. Variacao: 0.000302223637921
			Minimo: 50.7176926409
			Maximo: 50.8150323408

Execucao com semente 3:
	Inertia da execucao com semente 3:
	3.71257642105

	Contagem da execucao com semente 3:
	[2011, 2782, 2393, 3040, 2263]

	Centroides da execucao com semente 3:
	[   5.17909503    5.24085066    9.92144111    6.21583414  113.90449566]
	[  2.7007321    5.69016302   9.66759548   1.91362289  22.30798889]
	[  3.74550372   5.67415649  10.57263241   3.41087946  65.37428457]
	[  3.05648799   5.70493267  10.85988252   2.37546815  42.72588441]
	[  4.53225601   5.48283714  10.44541951   4.82022893  89.79249405]

	Dados da metrica F: 
		Cluster 1:
			Media: 123.510912004
			Desvio: 0.0156899780248
			Coef. Variacao: 0.000127033132298
			Minimo: 123.484849619
			Maximo: 123.555449892
		Cluster 2:
			Media: 28.9268671507
			Desvio: 0.0203598001739
			Coef. Variacao: 0.000703837026934
			Minimo: 28.818788408
			Maximo: 29.0430429393
		Cluster 3:
			Media: 73.8668592797
			Desvio: 0.0162126922268
			Coef. Variacao: 0.000219485333273
			Minimo: 73.8203495757
			Maximo: 73.910624376
		Cluster 4:
			Media: 50.8331426445
			Desvio: 0.0153576958253
			Coef. Variacao: 0.000302119739729
			Minimo: 50.7789320685
			Maximo: 50.8762717684
		Cluster 5:
			Media: 99.0841523528
			Desvio: 0.0167318631153
			Coef. Variacao: 0.000168865178921
			Minimo: 99.032216471
			Maximo: 99.1326257479

Execucao com semente 4:
	Inertia da execucao com semente 4:
	3.71251248378

	Contagem da execucao com semente 4:
	[3030, 2273, 2410, 2763, 2013]

	Centroides da execucao com semente 4:
	[  3.05518501   5.70432113  10.86425992   2.3729622   42.52081298]
	[  4.52876078   5.48353535  10.45093715   4.81490032  89.72264665]
	[  3.73719342   5.67458906  10.57809222   3.39248351  65.15819225]
	[  2.69891373   5.69083574   9.64962637   1.91478279  22.22424026]
	[   5.17680624    5.24117863    9.91919405    6.2142082   113.89256036]

	Dados da metrica F: 
		Cluster 1:
			Media: 50.6321115291
			Desvio: 0.0152539079618
			Coef. Variacao: 0.000301269441489
			Minimo: 50.5775465975
			Maximo: 50.67746864
		Cluster 2:
			Media: 99.0157803704
			Desvio: 0.0168031803249
			Coef. Variacao: 0.000169702044079
			Minimo: 98.9636932631
			Maximo: 99.0641025401
		Cluster 3:
			Media: 73.647879121
			Desvio: 0.0162466008612
			Coef. Variacao: 0.000220598353342
			Minimo: 73.6009741936
			Maximo: 73.6912489938
		Cluster 4:
			Media: 28.822841052
			Desvio: 0.0202921931164
			Coef. Variacao: 0.000704031676814
			Minimo: 28.7145795861
			Maximo: 28.9388341174
		Cluster 5:
			Media: 123.494147261
			Desvio: 0.0157206968061
			Coef. Variacao: 0.00012729912433
			Minimo: 123.468050498
			Maximo: 123.538650771

Execucao com semente 5:
	Inertia da execucao com semente 5:
	3.71257642105

	Contagem da execucao com semente 5:
	[3040, 2011, 2393, 2782, 2263]

	Centroides da execucao com semente 5:
	[  3.05648799   5.70493267  10.85988252   2.37546815  42.72588441]
	[   5.17909503    5.24085066    9.92144111    6.21583414  113.90449566]
	[  3.74550372   5.67415649  10.57263241   3.41087946  65.37428457]
	[  2.7007321    5.69016302   9.66759548   1.91362289  22.30798889]
	[  4.53225601   5.48283714  10.44541951   4.82022893  89.79249405]

	Dados da metrica F: 
		Cluster 1:
			Media: 50.8331426445
			Desvio: 0.0153576958253
			Coef. Variacao: 0.000302119739729
			Minimo: 50.7789320685
			Maximo: 50.8762717684
		Cluster 2:
			Media: 123.510912004
			Desvio: 0.0156899780248
			Coef. Variacao: 0.000127033132298
			Minimo: 123.484849619
			Maximo: 123.555449892
		Cluster 3:
			Media: 73.8668592797
			Desvio: 0.0162126922268
			Coef. Variacao: 0.000219485333273
			Minimo: 73.8203495757
			Maximo: 73.910624376
		Cluster 4:
			Media: 28.9268671507
			Desvio: 0.0203598001739
			Coef. Variacao: 0.000703837026934
			Minimo: 28.818788408
			Maximo: 29.0430429393
		Cluster 5:
			Media: 99.0841523528
			Desvio: 0.0167318631153
			Coef. Variacao: 0.000168865178921
			Minimo: 99.032216471
			Maximo: 99.1326257479

Execucao com semente 6:
	Inertia da execucao com semente 6:
	3.71252222419

	Contagem da execucao com semente 6:
	[2272, 3031, 2763, 2013, 2410]

	Centroides da execucao com semente 6:
	[  4.52789511   5.48542051  10.45190112   4.813396    89.74427866]
	[  3.05498684   5.70377883  10.86512451   2.37266919  42.52459024]
	[  2.69891373   5.69083574   9.64962637   1.91478279  22.22424026]
	[   5.17909503    5.24085066    9.92144111    6.21583414  113.90449566]
	[  3.73782605   5.67339653  10.57355924   3.39567553  65.1729134 ]

	Dados da metrica F: 
		Cluster 1:
			Media: 99.0356145293
			Desvio: 0.0167986927456
			Coef. Variacao: 0.00016962274456
			Minimo: 98.9835384227
			Maximo: 99.0839476996
		Cluster 2:
			Media: 50.6370873199
			Desvio: 0.01526172938
			Coef. Variacao: 0.000301394297891
			Minimo: 50.5825325916
			Maximo: 50.6824546341
		Cluster 3:
			Media: 28.822841052
			Desvio: 0.0202921931164
			Coef. Variacao: 0.000704031676814
			Minimo: 28.7145795861
			Maximo: 28.9388341174
		Cluster 4:
			Media: 123.510946381
			Desvio: 0.0157206968061
			Coef. Variacao: 0.000127281809967
			Minimo: 123.484849619
			Maximo: 123.555449892
		Cluster 5:
			Media: 73.6598744923
			Desvio: 0.0162525413896
			Coef. Variacao: 0.00022064307741
			Minimo: 73.6129875251
			Maximo: 73.7032623254

Execucao com semente 7:
	Inertia da execucao com semente 7:
	3.71258045585

	Contagem da execucao com semente 7:
	[3039, 2263, 2783, 2011, 2393]

	Centroides da execucao com semente 7:
	[  3.05683552   5.70439702  10.86082327   2.37537236  42.72919336]
	[  4.53225601   5.48283714  10.44541951   4.82022893  89.79249405]
	[  2.70048068   5.69075261   9.66699713   1.91389309  22.31170567]
	[   5.17909503    5.24085066    9.92144111    6.21583414  113.90449566]
	[  3.74550372   5.67415649  10.57263241   3.41087946  65.37428457]

	Dados da metrica F: 
		Cluster 1:
			Media: 50.8382665904
			Desvio: 0.0153523021989
			Coef. Variacao: 0.000301983195505
			Minimo: 50.7840649596
			Maximo: 50.8814046595
		Cluster 2:
			Media: 99.0841523528
			Desvio: 0.0167318631153
			Coef. Variacao: 0.000168865178921
			Minimo: 99.032216471
			Maximo: 99.1326257479
		Cluster 3:
			Media: 28.9291382112
			Desvio: 0.0203589086478
			Coef. Variacao: 0.000703750955149
			Minimo: 28.8210658318
			Maximo: 29.045320363
		Cluster 4:
			Media: 123.510912004
			Desvio: 0.0156899780248
			Coef. Variacao: 0.000127033132298
			Minimo: 123.484849619
			Maximo: 123.555449892
		Cluster 5:
			Media: 73.8668592797
			Desvio: 0.0162126922268
			Coef. Variacao: 0.000219485333273
			Minimo: 73.8203495757
			Maximo: 73.910624376

Execucao com semente 8:
	Inertia da execucao com semente 8:
	3.71257642105

	Contagem da execucao com semente 8:
	[3040, 2393, 2011, 2782, 2263]

	Centroides da execucao com semente 8:
	[  3.05648799   5.70493267  10.85988252   2.37546815  42.72588441]
	[  3.74550372   5.67415649  10.57263241   3.41087946  65.37428457]
	[   5.17909503    5.24085066    9.92144111    6.21583414  113.90449566]
	[  2.7007321    5.69016302   9.66759548   1.91362289  22.30798889]
	[  4.53225601   5.48283714  10.44541951   4.82022893  89.79249405]

	Dados da metrica F: 
		Cluster 1:
			Media: 50.8331426445
			Desvio: 0.0153576958253
			Coef. Variacao: 0.000302119739729
			Minimo: 50.7789320685
			Maximo: 50.8762717684
		Cluster 2:
			Media: 73.8668592797
			Desvio: 0.0162126922268
			Coef. Variacao: 0.000219485333273
			Minimo: 73.8203495757
			Maximo: 73.910624376
		Cluster 3:
			Media: 123.510912004
			Desvio: 0.0156899780248
			Coef. Variacao: 0.000127033132298
			Minimo: 123.484849619
			Maximo: 123.555449892
		Cluster 4:
			Media: 28.9268671507
			Desvio: 0.0203598001739
			Coef. Variacao: 0.000703837026934
			Minimo: 28.818788408
			Maximo: 29.0430429393
		Cluster 5:
			Media: 99.0841523528
			Desvio: 0.0167318631153
			Coef. Variacao: 0.000168865178921
			Minimo: 99.032216471
			Maximo: 99.1326257479

Execucao com semente 9:
	Inertia da execucao com semente 9:
	3.71257642105

	Contagem da execucao com semente 9:
	[3040, 2782, 2011, 2263, 2393]

	Centroides da execucao com semente 9:
	[  3.05648799   5.70493267  10.85988252   2.37546815  42.72588441]
	[  2.7007321    5.69016302   9.66759548   1.91362289  22.30798889]
	[   5.17909503    5.24085066    9.92144111    6.21583414  113.90449566]
	[  4.53225601   5.48283714  10.44541951   4.82022893  89.79249405]
	[  3.74550372   5.67415649  10.57263241   3.41087946  65.37428457]

	Dados da metrica F: 
		Cluster 1:
			Media: 50.8331426445
			Desvio: 0.0153576958253
			Coef. Variacao: 0.000302119739729
			Minimo: 50.7789320685
			Maximo: 50.8762717684
		Cluster 2:
			Media: 28.9268671507
			Desvio: 0.0203598001739
			Coef. Variacao: 0.000703837026934
			Minimo: 28.818788408
			Maximo: 29.0430429393
		Cluster 3:
			Media: 123.510912004
			Desvio: 0.0156899780248
			Coef. Variacao: 0.000127033132298
			Minimo: 123.484849619
			Maximo: 123.555449892
		Cluster 4:
			Media: 99.0841523528
			Desvio: 0.0167318631153
			Coef. Variacao: 0.000168865178921
			Minimo: 99.032216471
			Maximo: 99.1326257479
		Cluster 5:
			Media: 73.8668592797
			Desvio: 0.0162126922268
			Coef. Variacao: 0.000219485333273
			Minimo: 73.8203495757
			Maximo: 73.910624376

Dados da metrica inertia: 
Media: 3.71255849734
Desvio: 2.53685860425e-05
Coef. Variacao: 6.83318150022e-06
Minimo: 3.71251248378
Maximo: 3.71258045585
