Iteracao 0:
	Inertia da Iteracao 0:
	29.90142957

	Contagem da Iteracao 0:
	[4285, 6665, 1308, 4907, 3379]

Iteracao 1:
	Inertia da Iteracao 1:
	29.901516596

	Contagem da Iteracao 1:
	[6664, 3379, 1308, 4286, 4907]

Iteracao 2:
	Inertia da Iteracao 2:
	29.901324269

	Contagem da Iteracao 2:
	[6666, 1308, 4907, 4284, 3379]

Iteracao 3:
	Inertia da Iteracao 3:
	29.9014722982

	Contagem da Iteracao 3:
	[4908, 1308, 4285, 6664, 3379]

Iteracao 4:
	Inertia da Iteracao 4:
	29.9013504334

	Contagem da Iteracao 4:
	[4900, 3379, 1308, 6673, 4284]

Iteracao 5:
	Inertia da Iteracao 5:
	29.901516596

	Contagem da Iteracao 5:
	[1308, 4286, 4907, 3379, 6664]

Iteracao 6:
	Inertia da Iteracao 6:
	29.901516596

	Contagem da Iteracao 6:
	[6664, 1308, 4286, 3379, 4907]

Iteracao 7:
	Inertia da Iteracao 7:
	29.901516596

	Contagem da Iteracao 7:
	[4286, 1308, 4907, 6664, 3379]

Iteracao 8:
	Inertia da Iteracao 8:
	29.9015423398

	Contagem da Iteracao 8:
	[4906, 6664, 1308, 3379, 4287]

Iteracao 9:
	Inertia da Iteracao 9:
	29.901516596

	Contagem da Iteracao 9:
	[6664, 4286, 1308, 3379, 4907]

Dados da metrica inertia: 
Media: 29.901470189
Desvio: 7.29809570866e-05
Coef. Variacao: 2.44071467474e-06
Minimo: 29.901324269
Maximo: 29.9015423398
42383787    9.88510264   14.02839845  278.68261375]
 [   4.46492506    5.47844353   10.40751823    4.69744099   87.43721326]
 [   6.21268851    4.97624437    9.93921929    8.06664895  141.9253016 ]
 [   7.7312422     4.48955639    9.63568866   11.68589915  201.49495754]]

Iteracao 3:
	Inertia da Iteracao 3:
	7140325.39983

	Contagem da Iteracao 3:
	[4908, 1308, 4285, 6664, 3379]

	Centroides da Iteracao 3:
	[[   4.46296585    5.48048758   10.41153071    4.69021181   87.38888612]
 [   8.72179075    4.42383787    9.88510264   14.02839845  278.68261375]
 [   6.21121117    4.97548862    9.93626825    8.06949428  141.87921279]
 [   2.96614604    5.69900442   10.35608344    2.25724964   36.08210206]
 [   7.73042936    4.48901328    9.63552388   11.68405681  201.47734105]]

Iteracao 4:
	Inertia da Iteracao 4:
	7140296.2991

	Contagem da Iteracao 4:
	[4900, 3379, 1308, 6673, 4284]

	Centroides da Iteracao 4:
	[[   4.46735992    5.4784808    10.40949287    4.70051135   87.49573535]
 [   7.73161068    4.49002031    9.63355912   11.68352689  201.43690148]
 [   8.71999358    4.42294543    9.8882497    14.01948105  278.62366537]
 [   2.96699898    5.69876038   10.35520011    2.25922858   36.12830955]
 [   6.21075888    4.97634543    9.93985837    8.06811865  141.91660578]]

Iteracao 5:
	Inertia da Iteracao 5:
	7140335.97793

	Contagem da Iteracao 5:
	[1308, 4286, 4907, 3379, 6664]

	Centroides da Iteracao 5:
	[[   8.72179075    4.42383787    9.88510264   14.02839845  278.68261375]
 [   6.20965779    4.97522455    9.93687985    8.06985707  141.86529995]
 [   4.46296585    5.48048758   10.41153071    4.69021181   87.38888612]
 [   7.73150015    4.4896356     9.63492647   11.68146007  201.45974187]
 [   2.96614604    5.69900442   10.35608344    2.25724964   36.08210206]]

Iteracao 6:
	Inertia da Iteracao 6:
	7140335.97793

	Contagem da Iteracao 6:
	[6664, 1308, 4286, 3379, 4907]

	Centroides da Iteracao 6:
	[[   2.96614604    5.69900442   10.35608344    2.25724964   36.08210206]
 [   8.72179075    4.42383787    9.88510264   14.02839845  278.68261375]
 [   6.20965779    4.97522455    9.93687985    8.06985707  141.86529995]
 [   7.73150015    4.4896356     9.63492647   11.68146007  201.45974187]
 [   4.46296585    5.48048758   10.41153071    4.69021181   87.38888612]]

Iteracao 7:
	Inertia da Iteracao 7:
	7140335.97793

	Contagem da Iteracao 7:
	[4286, 1308, 4907, 6664, 3379]

	Centroides da Iteracao 7:
	[[   6.20965779    4.97522455    9.93687985    8.06985707  141.86529995]
 [   8.72179075    4.42383787    9.88510264   14.02839845  278.68261375]
 [   4.46296585    5.48048758   10.41153071    4.69021181   87.38888612]
 [   2.96614604    5.69900442   10.35608344    2.25724964   36.08210206]
 [   7.73150015    4.4896356     9.63492647   11.68146007  201.45974187]]

Iteracao 8:
	Inertia da Iteracao 8:
	7140342.12543

	Contagem da Iteracao 8:
	[4906, 6664, 1308, 3379, 4287]

	Centroides da Iteracao 8:
	[[   4.46306027    5.48045811   10.41144893    4.69032709   87.38330564]
 [   2.96614604    5.69900442   10.35608344    2.25724964   36.08210206]
 [   8.72179075    4.42383787    9.88510264   14.02839845  278.68261375]
 [   7.73150015    4.4896356     9.63492647   11.68146007  201.45974187]
 [   6.20914259    4.97537604    9.93708401    8.06893731  141.8589779 ]]

Iteracao 9:
	Inertia da Iteracao 9:
	7140335.97793

	Contagem da Iteracao 9:
	[6664, 4286, 1308, 3379, 4907]

	Centroides da Iteracao 9:
	[[   2.96614604    5.69900442   10.35608344    2.25724964   36.08210206]
 [   6.20965779    4.97522455    9.93687985    8.06985707  141.86529995]
 [   8.72179075    4.42383787    9.88510264   14.02839845  278.68261375]
 [   7.73150015    4.4896356     9.63492647   11.68146007  201.45974187]
 [   4.46296585    5.48048758   10.41153071    4.69021181   87.38888612]]

Dados da metrica inertia: 
Media: 7140324.89617
Desvio: 17.4274957568
Coef. Variacao: 2.44071467479e-06
Minimo: 7140290.05118
Maximo: 7140342.12543
