Execucao sem podas de outliers com dados normalizados por n-partidas...

Execucao com semente 0:
	Inertia da execucao com semente 0:
	71.3344558661

	Contagem da execucao com semente 0:
	[9383, 4069, 7092]

	Centroides da execucao com semente 0:
	[  3.28824827   5.66899     10.39434322   2.7609456   47.57238452]
	[   8.12283214    4.45318076    9.69523936   12.62874985  230.04116257]
	[   5.91204934    5.05278958   10.03867528    7.50265021  132.64636484]

	Dados da metrica F: 
	Grupo 1:		Medias: 19.6696374129
		Desvios: 12.7033420563
		Coefs. Variacao: 0.645835090382
		Minimos: 0.00296018756195
		Maximos: 83.3859860178
	Grupo 2:		Medias: 32.6760091961
		Desvios: 26.9394492261
		Coefs. Variacao: 0.824441230399
		Minimos: 0.0504684386339
		Maximos: 265.5939467
	Grupo 3:		Medias: 23.5148560899
		Desvios: 13.9517238963
		Coefs. Variacao: 0.593315300035
		Minimos: 0.0346474923768
		Maximos: 63.855700124

Execucao com semente 1:
	Inertia da execucao com semente 1:
	71.3346673213

	Contagem da execucao com semente 1:
	[7100, 9409, 4035]

	Centroides da execucao com semente 1:
	[   5.92054326    5.048076     10.03128124    7.52928017  133.08482826]
	[  3.29218306   5.66872485  10.39538005   2.76686469  47.68579845]
	[   8.13798814    4.45203529    9.7000617    12.6508308   230.54627924]

	Dados da metrica F: 
	Grupo 1:		Medias: 23.5816178624
		Desvios: 13.9725030169
		Coefs. Variacao: 0.59251672631
		Minimos: 0.00833682559673
		Maximos: 63.4114232453
	Grupo 2:		Medias: 19.7453784199
		Desvios: 12.7451114869
		Coefs. Variacao: 0.645473143934
		Minimos: 0.00463671059038
		Maximos: 83.5046367106
	Grupo 3:		Medias: 32.6237343384
		Desvios: 26.8768527873
		Coefs. Variacao: 0.82384354006
		Minimos: 0.0156271271972
		Maximos: 265.067706206

Execucao com semente 2:
	Inertia da execucao com semente 2:
	71.3357928557

	Contagem da execucao com semente 2:
	[9371, 7088, 4085]

	Centroides da execucao com semente 2:
	[  3.28631893   5.67053138  10.39703039   2.75512731  47.48178937]
	[   5.90499784    5.05348352   10.03704033    7.4867052   132.40990836]
	[   8.11745118    4.45395391    9.69508588   12.62521306  229.83757492]

	Dados da metrica F: 
	Grupo 1:		Medias: 19.6354760491
		Desvios: 12.6928548441
		Coefs. Variacao: 0.64642460475
		Minimos: 0.0053926807581
		Maximos: 83.2946073192
	Grupo 2:		Medias: 23.4836951356
		Desvios: 13.9466634395
		Coefs. Variacao: 0.593887093105
		Minimos: 0.00386256879477
		Maximos: 64.1015369874
	Grupo 3:		Medias: 32.7050851638
		Desvios: 26.9598086252
		Coefs. Variacao: 0.824330788017
		Minimos: 0.00384193334367
		Maximos: 265.803841933

Execucao com semente 3:
	Inertia da execucao com semente 3:
	71.3348058067

	Contagem da execucao com semente 3:
	[7098, 9411, 4035]

	Centroides da execucao com semente 3:
	[   5.92124467    5.04746081   10.03005857    7.53107601  133.10540814]
	[  3.29218306   5.66872485  10.39538005   2.76686469  47.68579845]
	[   8.13840245    4.4526765     9.70197168   12.65147758  230.5825663 ]

	Dados da metrica F: 
	Grupo 1:		Medias: 23.5755948909
		Desvios: 13.967090029
		Coefs. Variacao: 0.592438498103
		Minimos: 0.00925056614287
		Maximos: 63.3907494339
	Grupo 2:		Medias: 19.7497500739
		Desvios: 12.7472903161
		Coefs. Variacao: 0.645440588786
		Minimos: 0.00463671059038
		Maximos: 83.5046367106
	Grupo 3:		Medias: 32.6310937452
		Desvios: 26.8680156089
		Coefs. Variacao: 0.823386914907
		Minimos: 0.0202639330054
		Maximos: 265.029736067

Execucao com semente 4:
	Inertia da execucao com semente 4:
	71.3342455709

	Contagem da execucao com semente 4:
	[9400, 4054, 7090]

	Centroides da execucao com semente 4:
	[  3.29187104   5.66856334  10.39592467   2.76632371  47.6676088 ]
	[   8.12790099    4.45215475    9.69635787   12.64053944  230.23296585]
	[   5.91710988    5.05076164   10.03410205    7.51439754  132.88237467]

	Dados da metrica F: 
	Grupo 1:		Medias: 19.719954856
		Desvios: 12.7278923956
		Coefs. Variacao: 0.645432126417
		Minimos: 0.00546651770158
		Maximos: 83.4868411746
	Grupo 2:		Medias: 32.6464512723
		Desvios: 26.9196490977
		Coefs. Variacao: 0.824581173408
		Minimos: 0.0103146507528
		Maximos: 265.394930035
	Grupo 3:		Medias: 23.5297620721
		Desvios: 13.9505616313
		Coefs. Variacao: 0.592890042343
		Minimos: 0.0135941886683
		Maximos: 63.6171750421

Execucao com semente 5:
	Inertia da execucao com semente 5:
	71.3357928557

	Contagem da execucao com semente 5:
	[9371, 4085, 7088]

	Centroides da execucao com semente 5:
	[  3.28631893   5.67053138  10.39703039   2.75512731  47.48178937]
	[   8.11745118    4.45395391    9.69508588   12.62521306  229.83757492]
	[   5.90499784    5.05348352   10.03704033    7.4867052   132.40990836]

	Dados da metrica F: 
	Grupo 1:		Medias: 19.6354760491
		Desvios: 12.6928548441
		Coefs. Variacao: 0.64642460475
		Minimos: 0.0053926807581
		Maximos: 83.2946073192
	Grupo 2:		Medias: 32.7050851638
		Desvios: 26.9598086252
		Coefs. Variacao: 0.824330788017
		Minimos: 0.00384193334367
		Maximos: 265.803841933
	Grupo 3:		Medias: 23.4836951356
		Desvios: 13.9466634395
		Coefs. Variacao: 0.593887093105
		Minimos: 0.00386256879477
		Maximos: 64.1015369874

Execucao com semente 6:
	Inertia da execucao com semente 6:
	71.334222422

	Contagem da execucao com semente 6:
	[9385, 4059, 7100]

	Centroides da execucao com semente 6:
	[  3.28833572   5.66932077  10.39482398   2.76042505  47.54964657]
	[   8.12790099    4.45215475    9.69635787   12.64053944  230.23296585]
	[   5.9121716     5.05202218   10.03687898    7.50481204  132.72631215]

	Dados da metrica F: 
	Grupo 1:		Medias: 19.6733392456
		Desvios: 12.7085250116
		Coefs. Variacao: 0.645977017575
		Minimos: 0.0154618521424
		Maximos: 83.3634855163
	Grupo 2:		Medias: 32.6671389896
		Desvios: 26.9098575912
		Coefs. Variacao: 0.823759240129
		Minimos: 0.0103146507528
		Maximos: 265.394930035
	Grupo 3:		Medias: 23.5467637477
		Desvios: 13.964839953
		Coefs. Variacao: 0.593068334259
		Minimos: 0.00628907189881
		Maximos: 63.7766594423

Execucao com semente 7:
	Inertia da execucao com semente 7:
	71.3357928557

	Contagem da execucao com semente 7:
	[9371, 4085, 7088]

	Centroides da execucao com semente 7:
	[  3.28631893   5.67053138  10.39703039   2.75512731  47.48178937]
	[   8.11745118    4.45395391    9.69508588   12.62521306  229.83757492]
	[   5.90499784    5.05348352   10.03704033    7.4867052   132.40990836]

	Dados da metrica F: 
	Grupo 1:		Medias: 19.6354760491
		Desvios: 12.6928548441
		Coefs. Variacao: 0.64642460475
		Minimos: 0.0053926807581
		Maximos: 83.2946073192
	Grupo 2:		Medias: 32.7050851638
		Desvios: 26.9598086252
		Coefs. Variacao: 0.824330788017
		Minimos: 0.00384193334367
		Maximos: 265.803841933
	Grupo 3:		Medias: 23.4836951356
		Desvios: 13.9466634395
		Coefs. Variacao: 0.593887093105
		Minimos: 0.00386256879477
		Maximos: 64.1015369874

Execucao com semente 8:
	Inertia da execucao com semente 8:
	71.3357928557

	Contagem da execucao com semente 8:
	[7088, 9371, 4085]

	Centroides da execucao com semente 8:
	[   5.90499784    5.05348352   10.03704033    7.4867052   132.40990836]
	[  3.28631893   5.67053138  10.39703039   2.75512731  47.48178937]
	[   8.11745118    4.45395391    9.69508588   12.62521306  229.83757492]

	Dados da metrica F: 
	Grupo 1:		Medias: 23.4836951356
		Desvios: 13.9466634395
		Coefs. Variacao: 0.593887093105
		Minimos: 0.00386256879477
		Maximos: 64.1015369874
	Grupo 2:		Medias: 19.6354760491
		Desvios: 12.6928548441
		Coefs. Variacao: 0.64642460475
		Minimos: 0.0053926807581
		Maximos: 83.2946073192
	Grupo 3:		Medias: 32.7050851638
		Desvios: 26.9598086252
		Coefs. Variacao: 0.824330788017
		Minimos: 0.00384193334367
		Maximos: 265.803841933

Execucao com semente 9:
	Inertia da execucao com semente 9:
	71.3357928557

	Contagem da execucao com semente 9:
	[9371, 7088, 4085]

	Centroides da execucao com semente 9:
	[  3.28631893   5.67053138  10.39703039   2.75512731  47.48178937]
	[   5.90499784    5.05348352   10.03704033    7.4867052   132.40990836]
	[   8.11745118    4.45395391    9.69508588   12.62521306  229.83757492]

	Dados da metrica F: 
	Grupo 1:		Medias: 19.6354760491
		Desvios: 12.6928548441
		Coefs. Variacao: 0.64642460475
		Minimos: 0.0053926807581
		Maximos: 83.2946073192
	Grupo 2:		Medias: 23.4836951356
		Desvios: 13.9466634395
		Coefs. Variacao: 0.593887093105
		Minimos: 0.00386256879477
		Maximos: 64.1015369874
	Grupo 3:		Medias: 32.7050851638
		Desvios: 26.9598086252
		Coefs. Variacao: 0.824330788017
		Minimos: 0.00384193334367
		Maximos: 265.803841933

Dados da metrica inertia: 
Media: 71.3351361265
Desvio: 0.000676465433447
Coef. Variacao: 9.482920622e-06
Minimo: 71.334222422
Maximo: 71.3357928557
