Execucao sem podas de outliers com dados normalizados por n-partidas...

Execucao com semente 0:
	Inertia da execucao com semente 0:
	29.90142957

	Contagem da execucao com semente 0:
	[4285, 6665, 1308, 4907, 3379]

	Centroides da execucao com semente 0:
	[[   6.21038087    4.97568621    9.93661174    8.06800132  141.88516086]
 [   2.9662637     5.69912465   10.35630519    2.2575988    36.08594244]
 [   8.72179075    4.42383787    9.88510264   14.02839845  278.68261375]
 [   4.46359041    5.48035485   10.41092074    4.69338924   87.40505996]
 [   7.73137148    4.48849909    9.63536061   11.68230221  201.46855118]]

Execucao com semente 1:
	Inertia da execucao com semente 1:
	29.901516596

	Contagem da execucao com semente 1:
	[6664, 3379, 1308, 4286, 4907]

	Centroides da execucao com semente 1:
	[[   2.96614604    5.69900442   10.35608344    2.25724964   36.08210206]
 [   7.73150015    4.4896356     9.63492647   11.68146007  201.45974187]
 [   8.72179075    4.42383787    9.88510264   14.02839845  278.68261375]
 [   6.20965779    4.97522455    9.93687985    8.06985707  141.86529995]
 [   4.46296585    5.48048758   10.41153071    4.69021181   87.38888612]]

Execucao com semente 2:
	Inertia da execucao com semente 2:
	29.901324269

	Contagem da execucao com semente 2:
	[6666, 1308, 4907, 4284, 3379]

	Centroides da execucao com semente 2:
	[[   2.96600757    5.69909129   10.35664118    2.25790546   36.09751416]
 [   8.72179075    4.42383787    9.88510264   14.02839845  278.68261375]
 [   4.46492506    5.47844353   10.40751823    4.69744099   87.43721326]
 [   6.21268851    4.97624437    9.93921929    8.06664895  141.9253016 ]
 [   7.7312422     4.48955639    9.63568866   11.68589915  201.49495754]]

Execucao com semente 3:
	Inertia da execucao com semente 3:
	29.9014722982

	Contagem da execucao com semente 3:
	[4908, 1308, 4285, 6664, 3379]

	Centroides da execucao com semente 3:
	[[   4.46296585    5.48048758   10.41153071    4.69021181   87.38888612]
 [   8.72179075    4.42383787    9.88510264   14.02839845  278.68261375]
 [   6.21121117    4.97548862    9.93626825    8.06949428  141.87921279]
 [   2.96614604    5.69900442   10.35608344    2.25724964   36.08210206]
 [   7.73042936    4.48901328    9.63552388   11.68405681  201.47734105]]

Execucao com semente 4:
	Inertia da execucao com semente 4:
	29.9013504334

	Contagem da execucao com semente 4:
	[4900, 3379, 1308, 6673, 4284]

	Centroides da execucao com semente 4:
	[[   4.46735992    5.4784808    10.40949287    4.70051135   87.49573535]
 [   7.73161068    4.49002031    9.63355912   11.68352689  201.43690148]
 [   8.71999358    4.42294543    9.8882497    14.01948105  278.62366537]
 [   2.96699898    5.69876038   10.35520011    2.25922858   36.12830955]
 [   6.21075888    4.97634543    9.93985837    8.06811865  141.91660578]]

Execucao com semente 5:
	Inertia da execucao com semente 5:
	29.901516596

	Contagem da execucao com semente 5:
	[1308, 4286, 4907, 3379, 6664]

	Centroides da execucao com semente 5:
	[[   8.72179075    4.42383787    9.88510264   14.02839845  278.68261375]
 [   6.20965779    4.97522455    9.93687985    8.06985707  141.86529995]
 [   4.46296585    5.48048758   10.41153071    4.69021181   87.38888612]
 [   7.73150015    4.4896356     9.63492647   11.68146007  201.45974187]
 [   2.96614604    5.69900442   10.35608344    2.25724964   36.08210206]]

Execucao com semente 6:
	Inertia da execucao com semente 6:
	29.901516596

	Contagem da execucao com semente 6:
	[6664, 1308, 4286, 3379, 4907]

	Centroides da execucao com semente 6:
	[[   2.96614604    5.69900442   10.35608344    2.25724964   36.08210206]
 [   8.72179075    4.42383787    9.88510264   14.02839845  278.68261375]
 [   6.20965779    4.97522455    9.93687985    8.06985707  141.86529995]
 [   7.73150015    4.4896356     9.63492647   11.68146007  201.45974187]
 [   4.46296585    5.48048758   10.41153071    4.69021181   87.38888612]]

Execucao com semente 7:
	Inertia da execucao com semente 7:
	29.901516596

	Contagem da execucao com semente 7:
	[4286, 1308, 4907, 6664, 3379]

	Centroides da execucao com semente 7:
	[[   6.20965779    4.97522455    9.93687985    8.06985707  141.86529995]
 [   8.72179075    4.42383787    9.88510264   14.02839845  278.68261375]
 [   4.46296585    5.48048758   10.41153071    4.69021181   87.38888612]
 [   2.96614604    5.69900442   10.35608344    2.25724964   36.08210206]
 [   7.73150015    4.4896356     9.63492647   11.68146007  201.45974187]]

Execucao com semente 8:
	Inertia da execucao com semente 8:
	29.9015423398

	Contagem da execucao com semente 8:
	[4906, 6664, 1308, 3379, 4287]

	Centroides da execucao com semente 8:
	[[   4.46306027    5.48045811   10.41144893    4.69032709   87.38330564]
 [   2.96614604    5.69900442   10.35608344    2.25724964   36.08210206]
 [   8.72179075    4.42383787    9.88510264   14.02839845  278.68261375]
 [   7.73150015    4.4896356     9.63492647   11.68146007  201.45974187]
 [   6.20914259    4.97537604    9.93708401    8.06893731  141.8589779 ]]

Execucao com semente 9:
	Inertia da execucao com semente 9:
	29.901516596

	Contagem da execucao com semente 9:
	[6664, 4286, 1308, 3379, 4907]

	Centroides da execucao com semente 9:
	[[   2.96614604    5.69900442   10.35608344    2.25724964   36.08210206]
 [   6.20965779    4.97522455    9.93687985    8.06985707  141.86529995]
 [   8.72179075    4.42383787    9.88510264   14.02839845  278.68261375]
 [   7.73150015    4.4896356     9.63492647   11.68146007  201.45974187]
 [   4.46296585    5.48048758   10.41153071    4.69021181   87.38888612]]

Dados da metrica inertia: 
Media: 29.901470189
Desvio: 7.29809570866e-05
Coef. Variacao: 2.44071467474e-06
Minimo: 29.901324269
Maximo: 29.9015423398

==================================================================================
Execucao com podas de outliers com dados normalizados por n-partidas...

Foram podados 8055 de 20544 jogadores.

Execucao com semente 0:
	Inertia da execucao com semente 0:
	3.71258045585

	Contagem da execucao com semente 0:
	[3039, 2783, 2263, 2393, 2011]

	Centroides da execucao com semente 0:
	[[   6.21038087    4.97568621    9.93661174    8.06800132  141.88516086]
 [   2.9662637     5.69912465   10.35630519    2.2575988    36.08594244]
 [   8.72179075    4.42383787    9.88510264   14.02839845  278.68261375]
 [   4.46359041    5.48035485   10.41092074    4.69338924   87.40505996]
 [   7.73137148    4.48849909    9.63536061   11.68230221  201.46855118]]

Execucao com semente 1:
	Inertia da execucao com semente 1:
	3.71255178444

	Contagem da execucao com semente 1:
	[3037, 2264, 2395, 2782, 2011]

	Centroides da execucao com semente 1:
	[[   2.96614604    5.69900442   10.35608344    2.25724964   36.08210206]
 [   7.73150015    4.4896356     9.63492647   11.68146007  201.45974187]
 [   8.72179075    4.42383787    9.88510264   14.02839845  278.68261375]
 [   6.20965779    4.97522455    9.93687985    8.06985707  141.86529995]
 [   4.46296585    5.48048758   10.41153071    4.69021181   87.38888612]]

Execucao com semente 2:
	Inertia da execucao com semente 2:
	3.71253188512

	Contagem da execucao com semente 2:
	[2777, 2264, 2396, 2011, 3041]

	Centroides da execucao com semente 2:
	[[   2.96600757    5.69909129   10.35664118    2.25790546   36.09751416]
 [   8.72179075    4.42383787    9.88510264   14.02839845  278.68261375]
 [   4.46492506    5.47844353   10.40751823    4.69744099   87.43721326]
 [   6.21268851    4.97624437    9.93921929    8.06664895  141.9253016 ]
 [   7.7312422     4.48955639    9.63568866   11.68589915  201.49495754]]

Execucao com semente 3:
	Inertia da execucao com semente 3:
	3.71257642105

	Contagem da execucao com semente 3:
	[2011, 2782, 2393, 3040, 2263]

	Centroides da execucao com semente 3:
	[[   4.46296585    5.48048758   10.41153071    4.69021181   87.38888612]
 [   8.72179075    4.42383787    9.88510264   14.02839845  278.68261375]
 [   6.21121117    4.97548862    9.93626825    8.06949428  141.87921279]
 [   2.96614604    5.69900442   10.35608344    2.25724964   36.08210206]
 [   7.73042936    4.48901328    9.63552388   11.68405681  201.47734105]]

Execucao com semente 4:
	Inertia da execucao com semente 4:
	3.71251248378

	Contagem da execucao com semente 4:
	[3030, 2273, 2410, 2763, 2013]

	Centroides da execucao com semente 4:
	[[   4.46735992    5.4784808    10.40949287    4.70051135   87.49573535]
 [   7.73161068    4.49002031    9.63355912   11.68352689  201.43690148]
 [   8.71999358    4.42294543    9.8882497    14.01948105  278.62366537]
 [   2.96699898    5.69876038   10.35520011    2.25922858   36.12830955]
 [   6.21075888    4.97634543    9.93985837    8.06811865  141.91660578]]

Execucao com semente 5:
	Inertia da execucao com semente 5:
	3.71257642105

	Contagem da execucao com semente 5:
	[3040, 2011, 2393, 2782, 2263]

	Centroides da execucao com semente 5:
	[[   8.72179075    4.42383787    9.88510264   14.02839845  278.68261375]
 [   6.20965779    4.97522455    9.93687985    8.06985707  141.86529995]
 [   4.46296585    5.48048758   10.41153071    4.69021181   87.38888612]
 [   7.73150015    4.4896356     9.63492647   11.68146007  201.45974187]
 [   2.96614604    5.69900442   10.35608344    2.25724964   36.08210206]]

Execucao com semente 6:
	Inertia da execucao com semente 6:
	3.71252222419

	Contagem da execucao com semente 6:
	[2272, 3031, 2763, 2013, 2410]

	Centroides da execucao com semente 6:
	[[   2.96614604    5.69900442   10.35608344    2.25724964   36.08210206]
 [   8.72179075    4.42383787    9.88510264   14.02839845  278.68261375]
 [   6.20965779    4.97522455    9.93687985    8.06985707  141.86529995]
 [   7.73150015    4.4896356     9.63492647   11.68146007  201.45974187]
 [   4.46296585    5.48048758   10.41153071    4.69021181   87.38888612]]

Execucao com semente 7:
	Inertia da execucao com semente 7:
	3.71258045585

	Contagem da execucao com semente 7:
	[3039, 2263, 2783, 2011, 2393]

	Centroides da execucao com semente 7:
	[[   6.20965779    4.97522455    9.93687985    8.06985707  141.86529995]
 [   8.72179075    4.42383787    9.88510264   14.02839845  278.68261375]
 [   4.46296585    5.48048758   10.41153071    4.69021181   87.38888612]
 [   2.96614604    5.69900442   10.35608344    2.25724964   36.08210206]
 [   7.73150015    4.4896356     9.63492647   11.68146007  201.45974187]]

Execucao com semente 8:
	Inertia da execucao com semente 8:
	3.71257642105

	Contagem da execucao com semente 8:
	[3040, 2393, 2011, 2782, 2263]

	Centroides da execucao com semente 8:
	[[   4.46306027    5.48045811   10.41144893    4.69032709   87.38330564]
 [   2.96614604    5.69900442   10.35608344    2.25724964   36.08210206]
 [   8.72179075    4.42383787    9.88510264   14.02839845  278.68261375]
 [   7.73150015    4.4896356     9.63492647   11.68146007  201.45974187]
 [   6.20914259    4.97537604    9.93708401    8.06893731  141.8589779 ]]

Execucao com semente 9:
	Inertia da execucao com semente 9:
	3.71257642105

	Contagem da execucao com semente 9:
	[3040, 2782, 2011, 2263, 2393]

	Centroides da execucao com semente 9:
	[[   2.96614604    5.69900442   10.35608344    2.25724964   36.08210206]
 [   6.20965779    4.97522455    9.93687985    8.06985707  141.86529995]
 [   8.72179075    4.42383787    9.88510264   14.02839845  278.68261375]
 [   7.73150015    4.4896356     9.63492647   11.68146007  201.45974187]
 [   4.46296585    5.48048758   10.41153071    4.69021181   87.38888612]]

Dados da metrica inertia: 
Media: 3.71255849734
Desvio: 2.53685860425e-05
Coef. Variacao: 6.83318150022e-06
Minimo: 3.71251248378
Maximo: 3.71258045585
