================ kills-corr_3 ================
[5.378433811490613, 10.392359338746083, 5.142173695477705, 539.3114412596083, 381.3183588706124]
[4.915264798105087, 14.42552856277536, 5.883566940627775, 949.7905733442559, 349.6938953116467]
[4.950589927821566, 6.780365871629911, 4.875309452005999, 306.2502110151629, 392.45583749473184]

================ kills-corr_4 ================
[4.133315896070702, 5.887380327829353, 5.488156026126776, 300.25023452744705, 356.96431130781235]
[4.952127569882218, 15.26806434756771, 5.918049380952743, 1024.7202438844606, 350.1254802558657]
[4.911306324586997, 11.405745682562918, 5.671746643134259, 668.2349789575496, 355.0168164564103]
[6.003019652175696, 8.861279720925374, 4.310991289727757, 370.811197221947, 424.5543138645503]

================ kills-corr_5 ================
[6.1943392291545845, 8.881536150880759, 4.076972440084947, 353.38244663619685, 432.140221020913]
[5.237495978211212, 12.0440082720743, 5.020050746373656, 684.7136296430112, 372.85718324655136]
[4.846915127209813, 15.688238466148253, 6.261777122206212, 1091.9355468471558, 342.7040639151195]
[4.294792113415815, 5.643845605922633, 5.031675431529152, 272.3143056092654, 377.0499186396969]
[4.124798192409698, 9.582184099111196, 7.070729223190879, 594.9541164445129, 314.6953745134739]

================ kills-corr_10 ================
[4.345568609771109, 8.475643478538558, 6.23665890046888, 383.45412722093374, 332.85538550983335]
[3.249303667408794, 10.293812941149312, 4.99993467600252, 1708.608588661361, 300.1591493076904]
[6.628830352421505, 8.473161205047207, 3.755465952904485, 259.41088867180105, 458.56252271473005]
[4.9891725536302305, 16.965058540862966, 6.684884252769072, 789.1343773494865, 345.6089360042207]
[3.1040394124124857, 5.00215479084238, 8.348050424032406, 266.4994607519864, 317.5593853440869]
[6.133902811965129, 10.875367116323917, 4.517192465768538, 363.6397787652695, 414.2239396567591]
[4.610162184199376, 5.544592642963099, 4.092716490992965, 255.3143622758704, 397.6373440227546]
[4.491768673790376, 11.59313532752516, 7.381044205910198, 529.5861616785569, 324.6976863183361]
[3.7698365765332973, 14.514739335761357, 5.5834023673411854, 3076.088985492646, 311.03086577767704]
[5.324277107272578, 13.548432859441453, 5.047376642518906, 633.0022579270914, 370.72081831742196]

================ deaths-corr_3 ================
[5.071513497555009, 420.6509864638794, 7670.89292271416, 348.57214884460893, 7.767603866921098]
[4.717374383636864, 323.60303217951264, 17486.321830921344, 510.1758275016317, 10.281399810902819]
[5.728239561863922, 874.904529952564, 8829.716565250406, 327.3215134862758, 13.009820047159131]

================ deaths-corr_4 ================
[5.999308448633875, 978.5132709551823, 10776.69400565224, 346.0107956817492, 14.959356579606794]
[4.955727929803971, 320.37899941138414, 7743.356199981101, 360.5203309810389, 6.717769328836148]
[5.440698115610702, 704.343990821926, 7624.500422869078, 320.9742401593776, 10.725610324953514]
[4.642924702514357, 310.3414044404132, 17346.850436002052, 512.0858744878726, 10.065883558084582]

================ deaths-corr_5 ================
[5.509649733133705, 753.4412309811021, 7057.481416306088, 305.7218087737757, 10.642062324369803]
[5.916493369643764, 939.1145626528696, 10328.039160411294, 345.20973031671986, 14.638688025808513]
[5.231101197015212, 347.8701998273511, 6442.079896923665, 329.4055106910989, 6.2781143703899644]
[5.060545588508861, 410.96093052643414, 21800.33046356272, 540.6310426427627, 11.535283851308927]
[4.423727097880794, 255.67266508566385, 13338.114470738781, 471.60553014458935, 8.962902493296586]

================ deaths-corr_10 ================
[4.52703842681669, 280.00525130351963, 18588.467212537, 534.6923292536405, 8.92474386910982]
[4.618739160280948, 699.2306871285399, 6167.317186284662, 300.61237832249503, 9.39492862789931]
[5.422634067652089, 664.1889067447571, 7640.362548542027, 314.61863789913195, 12.594901746399065]
[4.139013402755748, 211.5271974927558, 11703.863924994916, 460.3520986152503, 7.917778902647228]
[5.372315038989332, 2801.20101156809, 7825.701137590582, 296.61483656367193, 12.971395368606972]
[5.031523819412865, 387.64431786815913, 13815.681030439528, 448.5268205727603, 11.570593846656799]
[5.274854771321857, 299.6444016934015, 5699.589575393, 322.44088731258887, 5.344290327958806]
[6.488125865126084, 851.2318668190806, 11334.956348814005, 341.96962292311014, 16.433246591273996]
[5.281349740254359, 504.97213157283954, 25307.025375644644, 559.3452188735512, 12.741429055358369]
[7.689547680002541, 489.51980419780546, 7675.883532207764, 296.5610191172429, 9.459785459225214]

================ assists-corr_3 ================
[9.587732538294333, 7.5973886913248485, 490.45351422287587, 199.7166641854247, 489.72168576951077]
[13.093094421098975, 4.1953546152083705, 324.8127965601103, 71.71232733487182, 347.0199643838404]
[7.78259017052325, 3.59223805826236, 315.71478385506765, 65.22705124042474, 302.6553084813079]

================ assists-corr_4 ================
[9.089887937056021, 6.281980815124342, 434.00642777125444, 144.7427627289324, 435.63516413070334]
[13.413133378608999, 4.0704460503687026, 318.04875995402597, 66.80874729110737, 341.4191782774355]
[7.886741967976944, 3.0413472268367028, 289.2366769819445, 49.30053724099189, 275.18309114497526]
[10.022238205122855, 8.35962901141849, 523.3274799823744, 236.09211170731047, 520.2778786691514]

================ assists-corr_5 ================
[14.939837711618672, 4.813704437074083, 347.1857969756868, 86.111729076925, 380.6537592915959]
[9.152245107139294, 6.324952534985315, 432.94513869266666, 146.9105170892826, 437.9987065069951]
[9.894070931334255, 8.38753782357217, 525.9932515797038, 238.4660877018226, 521.7178302412266]
[10.88718849218377, 3.3129844869097793, 287.854184719452, 50.24446200343469, 297.6534554881363]
[6.323672164109423, 3.164668192571065, 310.3683641899896, 54.711584920016435, 275.36242248067396]

================ assists-corr_10 ================
[12.089784553958921, 3.2376434510396552, 281.8412839467607, 42.57209553297181, 294.3493025408653]
[7.1167227828072255, 5.497654891922024, 421.1349455155936, 122.20263041464449, 398.58573566242944]
[8.849576412763973, 2.8647480486212427, 270.53293286518465, 43.73889961659283, 270.6500648825193]
[10.21684723624642, 7.426930748474417, 466.54396794013644, 174.14967336723095, 476.014731081464]
[14.364227695548939, 7.268344154046858, 443.36764053777904, 164.70774034902234, 473.2829192286924]
[4.875494748753755, 2.728571823860758, 294.45592071068046, 40.74695256742727, 241.02556405409777]
[11.175111574033863, 5.03550958563029, 369.85061603189956, 105.96478215504857, 389.7715605221276]
[10.474196534984495, 8.968337737024367, 552.1817172099691, 276.2702759139573, 541.9985456926128]
[7.701774395717676, 7.435897363836089, 503.4134722816792, 210.80563089377148, 496.6642997901217]
[16.031218753154054, 4.187831591575239, 317.9659744241504, 61.38282293800506, 354.72338966824674]

================ denies-corr_3 ================
[13.732762133093468, 9.216829442525855, 489.1860427748057, 272.55007449118244, 4.317154619037447]
[3.588347733700769, 13.049733442396874, 336.9817817000293, 853.6443731711029, 5.741862192473248]
[4.054322572686775, 7.979524019943261, 343.09159712907365, 457.30586651303076, 5.31513312368339]

================ denies-corr_4 ================
[17.76577334175342, 9.217597026030148, 512.4729392926414, 261.81211723383643, 4.085025349418249]
[3.343335742976371, 13.173770144139377, 331.84834457746604, 878.6043364292768, 5.778186035794865]
[9.737763006126965, 9.221755697221319, 455.89064373100706, 299.42127328420196, 4.563905333128975]
[3.083692613878417, 7.849575065532015, 319.5907349827979, 506.1622264819851, 5.51430569468885]

================ denies-corr_5 ================
[10.038037777947643, 9.264493619117113, 460.17828063695026, 296.02885807412713, 4.5533341886588]
[3.6566944330561535, 14.942937475309895, 341.8594445946661, 999.1831122811036, 5.963240627477019]
[3.508412604877437, 6.356789983829647, 335.7613591445836, 376.66545984712326, 5.470066048115318]
[3.087926029436953, 10.716938593969775, 318.5269866904366, 708.7682942931862, 5.547251616271495]
[18.014855309586498, 9.20559331841902, 513.2018775008403, 258.9247271261813, 4.055276719510587]

================ denies-corr_10 ================
[3.041030673990862, 9.54579984471827, 293.27929455416796, 499.27219078162676, 7.806932733218083]
[13.268015033241976, 11.571943740835511, 494.0851940778094, 373.9891240815056, 4.71149875695217]
[2.328293601267051, 12.522499611114444, 309.4656660327255, 946.8109431245583, 5.4675555796469135]
[8.528564075376536, 8.102171238379277, 442.09958805759896, 256.52828420441745, 4.480841751604442]
[3.196614906670525, 16.390042615319036, 334.9769696254074, 1122.5339668127851, 6.408943568432102]
[2.68264474830265, 9.226197513999587, 308.32090376688507, 692.3326685816622, 4.662185642263777]
[14.222936373476204, 7.553839305765813, 487.87098231415536, 196.42329444270385, 4.00804674331877]
[22.110544750244177, 9.293574844431713, 531.8479536159783, 263.3873716302618, 3.971314260679814]
[7.105959098050676, 11.774078417238416, 417.51524635813416, 480.50072146295247, 5.144067130836901]
[3.1241055702140503, 5.216543018534488, 344.3878067299614, 301.7120142094547, 5.497906357257643]

================ gpm-corr_3 ================
[489.1860427748057, 9.216829442525855, 272.55007449118244, 4.317154619037447, 13.732762133093468]
[336.9817817000293, 13.049733442396874, 853.6443731711029, 5.741862192473248, 3.588347733700769]
[343.09159712907365, 7.979524019943261, 457.30586651303076, 5.31513312368339, 4.054322572686775]

================ gpm-corr_4 ================
[512.4729392926414, 9.217597026030148, 261.81211723383643, 4.085025349418249, 17.76577334175342]
[331.84834457746604, 13.173770144139377, 878.6043364292768, 5.778186035794865, 3.343335742976371]
[455.89064373100706, 9.221755697221319, 299.42127328420196, 4.563905333128975, 9.737763006126965]
[319.5907349827979, 7.849575065532015, 506.1622264819851, 5.51430569468885, 3.083692613878417]

================ gpm-corr_5 ================
[460.17828063695026, 9.264493619117113, 296.02885807412713, 4.5533341886588, 10.038037777947643]
[341.8594445946661, 14.942937475309895, 999.1831122811036, 5.963240627477019, 3.6566944330561535]
[335.7613591445836, 6.356789983829647, 376.66545984712326, 5.470066048115318, 3.508412604877437]
[318.5269866904366, 10.716938593969775, 708.7682942931862, 5.547251616271495, 3.087926029436953]
[513.2018775008403, 9.20559331841902, 258.9247271261813, 4.055276719510587, 18.014855309586498]

================ gpm-corr_10 ================
[293.27929455416796, 9.54579984471827, 499.27219078162676, 7.806932733218083, 3.041030673990862]
[494.0851940778094, 11.571943740835511, 373.9891240815056, 4.71149875695217, 13.268015033241976]
[309.4656660327255, 12.522499611114444, 946.8109431245583, 5.4675555796469135, 2.328293601267051]
[442.09958805759896, 8.102171238379277, 256.52828420441745, 4.480841751604442, 8.528564075376536]
[334.9769696254074, 16.390042615319036, 1122.5339668127851, 6.408943568432102, 3.196614906670525]
[308.32090376688507, 9.226197513999587, 692.3326685816622, 4.662185642263777, 2.68264474830265]
[487.87098231415536, 7.553839305765813, 196.42329444270385, 4.00804674331877, 14.222936373476204]
[531.8479536159783, 9.293574844431713, 263.3873716302618, 3.971314260679814, 22.110544750244177]
[417.51524635813416, 11.774078417238416, 480.50072146295247, 5.144067130836901, 7.105959098050676]
[344.3878067299614, 5.216543018534488, 301.7120142094547, 5.497906357257643, 3.1241055702140503]

================ hd-corr_3 ================
[7670.89292271416, 5.071513497555009, 420.6509864638794, 7.767603866921098, 348.57214884460893]
[17486.321830921344, 4.717374383636864, 323.60303217951264, 10.281399810902819, 510.1758275016317]
[8829.716565250406, 5.728239561863922, 874.904529952564, 13.009820047159131, 327.3215134862758]

================ hd-corr_4 ================
[10776.69400565224, 5.999308448633875, 978.5132709551823, 14.959356579606794, 346.0107956817492]
[7743.356199981101, 4.955727929803971, 320.37899941138414, 6.717769328836148, 360.5203309810389]
[7624.500422869078, 5.440698115610702, 704.343990821926, 10.725610324953514, 320.9742401593776]
[17346.850436002052, 4.642924702514357, 310.3414044404132, 10.065883558084582, 512.0858744878726]

================ hd-corr_5 ================
[7057.481416306088, 5.509649733133705, 753.4412309811021, 10.642062324369803, 305.7218087737757]
[10328.039160411294, 5.916493369643764, 939.1145626528696, 14.638688025808513, 345.20973031671986]
[6442.079896923665, 5.231101197015212, 347.8701998273511, 6.2781143703899644, 329.4055106910989]
[21800.33046356272, 5.060545588508861, 410.96093052643414, 11.535283851308927, 540.6310426427627]
[13338.114470738781, 4.423727097880794, 255.67266508566385, 8.962902493296586, 471.60553014458935]

================ hd-corr_10 ================
[18588.467212537, 4.52703842681669, 280.00525130351963, 8.92474386910982, 534.6923292536405]
[6167.317186284662, 4.618739160280948, 699.2306871285399, 9.39492862789931, 300.61237832249503]
[7640.362548542027, 5.422634067652089, 664.1889067447571, 12.594901746399065, 314.61863789913195]
[11703.863924994916, 4.139013402755748, 211.5271974927558, 7.917778902647228, 460.3520986152503]
[7825.701137590582, 5.372315038989332, 2801.20101156809, 12.971395368606972, 296.61483656367193]
[13815.681030439528, 5.031523819412865, 387.64431786815913, 11.570593846656799, 448.5268205727603]
[5699.589575393, 5.274854771321857, 299.6444016934015, 5.344290327958806, 322.44088731258887]
[11334.956348814005, 6.488125865126084, 851.2318668190806, 16.433246591273996, 341.96962292311014]
[25307.025375644644, 5.281349740254359, 504.97213157283954, 12.741429055358369, 559.3452188735512]
[7675.883532207764, 7.689547680002541, 489.51980419780546, 9.459785459225214, 296.5610191172429]

================ hh-corr_3 ================
[360.11965071067874, 4.717985052888683, 440.0268948192712, 12205.063996897012, 447.87274074882924]
[735.0112360564035, 5.643771940194472, 293.3213671256832, 6466.485272713638, 296.91975704753776]
[418.9087185768482, 5.036883570791611, 544.8188113257552, 21075.40268982462, 524.5987660422998]

================ hh-corr_4 ================
[428.31048673666095, 5.073009013881137, 547.5753601908823, 21340.49846666053, 526.088464548191]
[333.46173897876224, 4.494937370310371, 452.7664728052359, 12553.415732353651, 458.1073909884596]
[763.8672186388319, 4.617003802277459, 301.0021324092294, 6196.168633057649, 298.0387619010549]
[628.3376092983779, 7.4283927550199005, 301.0866813366978, 8014.616736942243, 320.3548971841708]

================ hh-corr_5 ================
[313.7429557171167, 4.544074968815456, 457.3881730763008, 12876.014542626215, 462.84097668247523]
[474.1177658455121, 7.513866527891033, 300.1201605653771, 7862.936127075065, 317.4350317373407]
[416.6802958439206, 5.064660429875378, 553.4081563004664, 21785.881574052877, 528.6364076379546]
[2241.629789896013, 5.412747968816022, 293.03310116807677, 7371.247436028876, 310.309048228708]
[488.48540542981044, 4.556122075635513, 310.19862136583595, 6381.713390306466, 305.8746090514857]

================ hh-corr_10 ================
[576.9800029259649, 4.107948039964634, 287.5468610830261, 5454.355796077415, 278.2990060028805]
[274.3261988682225, 4.104817504313328, 489.570319439915, 14096.597412503887, 490.95985643073743]
[555.0481119209506, 6.342640273798323, 266.65084699332533, 5685.682723567134, 273.41583757591343]
[498.8585362760958, 7.0946418440486285, 405.70285396393086, 14242.651201242643, 436.692364205729]
[497.3099430967888, 5.1882693464026355, 658.154568805875, 28560.00408905346, 565.2770638908186]
[439.27811061978935, 5.831431193234988, 353.6626881887669, 9470.377699399263, 374.92888693648644]
[2459.835131848094, 5.3366964704281425, 293.53792906002525, 7461.783964433524, 311.9786726602338]
[515.173222628874, 9.302360429749573, 276.16729355108015, 7057.314390446384, 286.34527207998116]
[307.95996566874607, 3.6682618394991002, 438.5236231293597, 9926.37256495717, 425.9422875077849]
[363.240208790133, 4.735809378048904, 530.0411531173957, 19815.42390479641, 521.8690241272785]

================ lh-corr_3 ================
[200.83879378634282, 9.554766655096198, 4.518551837286396, 297.4813010001734, 487.8735006146448]
[66.87783844248463, 7.791276771074761, 5.360818942764501, 485.16127721799336, 322.49361352021776]
[71.60645487063215, 13.099190237175696, 5.7703487821403, 882.4431087707289, 324.02544366544805]

================ lh-corr_4 ================
[49.01707899330023, 7.918355867450223, 5.571469344507059, 568.201274234437, 298.5611588886344]
[236.65926295522922, 9.99041526629864, 4.451278553659862, 296.8219273648495, 522.6713753791869]
[68.7919776839245, 13.404145829840182, 5.8259597742674885, 917.5376768836026, 320.8181861168208]
[145.01014258450837, 8.974127451528677, 4.706137873059579, 320.5551152114823, 425.6863723444771]

================ lh-corr_5 ================
[84.75574832082782, 14.933039967357995, 6.012419679408357, 966.0108993919704, 345.2573301002849]
[240.0456958666116, 9.830354708449507, 4.405747107018455, 285.9666527693528, 526.2691728829764]
[147.8285162511347, 9.203393849117937, 4.72365926617262, 326.72849359467233, 429.51436326813894]
[55.37300967886956, 6.267653355109202, 5.524671809836126, 393.62054885420446, 320.63641582277137]
[51.019360054881105, 10.811890248638056, 5.580517266256854, 806.6010696963464, 289.1220463398181]

================ lh-corr_10 ================
[187.32165422918334, 13.068308408983176, 5.190630954130568, 504.42660562203076, 469.81669186551045]
[42.751361133726434, 8.861539495637468, 4.571615258591533, 755.7669508657614, 280.5876940185906]
[193.73155307691215, 8.521764333224281, 4.259978169967177, 229.80560979433022, 488.158617463998]
[118.18222406534049, 11.188457161915903, 5.228718881471994, 503.5818240549686, 388.3029724015802]
[41.968767828715194, 4.804250180119034, 5.932965240367059, 304.1786910209313, 342.3594920549684]
[54.2604092138171, 9.697451904890773, 7.6051672146206, 552.6791771945548, 276.4412281543773]
[70.46600022958658, 16.27975493446056, 6.469837219847631, 1125.4656648414111, 325.9201291392934]
[276.50961425486776, 9.791447078085353, 4.3789150478128755, 295.09244433666015, 554.4138035507565]
[123.24134137610393, 7.112528336656495, 4.608776574832627, 248.44590816026786, 396.91769429145]
[45.220203816752175, 12.499032559341524, 5.368878557719613, 1003.0754783304925, 289.477361258276]

================ xpm-corr_3 ================
[378.0084625689381, 14.430769029760295, 948.9514073579471, 5.882342609270521, 350.4582971156576]
[389.6716302125929, 10.396816803573344, 540.04620589245, 5.14308528290911, 381.22404964918593]
[368.5091781417663, 6.785266901948364, 306.8712747108848, 4.876477433529311, 392.00990371163647]

================ xpm-corr_4 ================
[382.27152912562764, 15.231376231464894, 1020.7717588386334, 5.902414214210997, 351.17286735962455]
[425.3381423220265, 8.799346773946402, 351.68306549793044, 4.230122837836959, 434.92627771925737]
[319.85484738544875, 5.909272281265996, 318.9880281977774, 5.568267177201856, 343.23117216783135]
[368.49137805646825, 11.334303921368175, 665.2480705486895, 5.6728080592615635, 353.64011296923843]

================ xpm-corr_5 ================
[434.0478725777127, 8.845367909556805, 341.08815530616874, 4.053351307972182, 446.49704945159374]
[378.3788130426674, 15.693794540625934, 1091.9644460191973, 6.265807130868088, 343.08700522622513]
[328.3322554818986, 9.60186246909279, 601.1315890813516, 6.978426977955179, 312.0965035754012]
[386.9389051156537, 12.050833186756952, 684.1803087611688, 5.006760116122896, 373.33546012394004]
[327.9418161548693, 5.624848988452255, 279.7687169626595, 5.068580143830622, 355.81839657240835]

================ xpm-corr_10 ================
[300.517418523175, 10.179606576980127, 1643.750806368678, 4.9766355512093705, 297.1348505152455]
[391.01155264481633, 13.578674157634842, 629.7424623887606, 5.055933428847693, 371.2955990146523]
[342.2759662236349, 5.519171656630397, 260.3985805685197, 4.1358807970731695, 378.58796412586656]
[341.23274886988247, 14.279674482686081, 3046.023984935825, 5.537120620136452, 310.6390397949415]
[463.76756649953666, 8.44921196657643, 238.5028026405508, 3.7279783140431224, 485.28993535502593]
[264.92175736753927, 5.0395638887542935, 279.0406289649183, 8.493889986675976, 284.43369609068117]
[387.6715623704899, 17.015047171438326, 825.1629290040635, 6.698162787497161, 345.3606492121062]
[338.9831165077229, 8.459223841900165, 375.89437927789834, 6.156520325559914, 329.8940951959145]
[345.25675155765106, 11.581148356213097, 532.2777464633674, 7.355825587538654, 322.9841284748562]
[423.90794240944524, 10.889734058685159, 360.3527703875025, 4.503646653282938, 415.56187744259336]

